MAtrix 1 is 
0 
MAtrix 2 is 
0 1 
0 0 
MAtrix 3 is 
0 1 1 
0 0 1 
0 0 0 
MAtrix 4 is 
0 1 1 1 
0 0 1 1 
0 0 0 1 
0 0 0 0 
MAtrix 5 is 
0 1 1 1 1 
0 0 1 1 1 
0 0 0 1 1 
0 0 0 0 1 
0 0 0 0 0 
MAtrix 6 is 
0 1 1 1 1 1 
0 0 1 1 1 1 
0 0 0 1 1 1 
0 0 0 0 1 1 
0 0 0 0 0 1 
0 0 0 0 0 0 
MAtrix 7 is 
0 1 1 1 1 1 1 
0 0 1 1 1 1 1 
0 0 0 1 1 1 1 
0 0 0 0 1 1 1 
0 0 0 0 0 1 1 
0 0 0 0 0 0 1 
0 0 0 0 0 0 0 
MAtrix 8 is 
0 1 1 1 1 1 1 1 
0 0 1 1 1 1 1 1 
0 0 0 1 1 1 1 1 
0 0 0 0 1 1 1 1 
0 0 0 0 0 1 1 1 
0 0 0 0 0 0 1 1 
0 0 0 0 0 0 0 1 
0 0 0 0 0 0 0 0 
MAtrix 9 is 
0 1 1 1 1 1 1 1 1 
0 0 1 1 1 1 1 1 1 
0 0 0 1 1 1 1 1 1 
0 0 0 0 1 1 1 1 1 
0 0 0 0 0 1 1 1 1 
0 0 0 0 0 0 1 1 1 
0 0 0 0 0 0 0 1 1 
0 0 0 0 0 0 0 0 1 
0 0 0 0 0 0 0 0 0 
MAtrix 10 is 
0 1 1 1 1 1 1 1 1 1 
0 0 1 1 1 1 1 1 1 1 
0 0 0 1 1 1 1 1 1 1 
0 0 0 0 1 1 1 1 1 1 
0 0 0 0 0 1 1 1 1 1 
0 0 0 0 0 0 1 1 1 1 
0 0 0 0 0 0 0 1 1 1 
0 0 0 0 0 0 0 0 1 1 
0 0 0 0 0 0 0 0 0 1 
0 0 0 0 0 0 0 0 0 0 
