Iteration 1
Array inputs: 
9 29 49 69 89 109 129 149 169 189 209 
Best case key - 109
Average case key - 49
Worst case key -9999
Iteration 2
Array inputs: 
6 26 46 66 86 106 126 146 166 186 206 226 246 266 286 306 326 346 366 386 406 
Best case key - 206
Average case key - 106
Worst case key -9999
Iteration 3
Array inputs: 
2 22 42 62 82 102 122 142 162 182 202 222 242 262 282 302 322 342 362 382 402 422 442 462 482 502 522 542 562 582 602 
Best case key - 302
Average case key - 142
Worst case key -9999
Iteration 4
Array inputs: 
5 25 45 65 85 105 125 145 165 185 205 225 245 265 285 305 325 345 365 385 405 425 445 465 485 505 525 545 565 585 605 625 645 665 685 705 725 745 765 785 805 
Best case key - 405
Average case key - 205
Worst case key -9999
Iteration 5
Array inputs: 
6 26 46 66 86 106 126 146 166 186 206 226 246 266 286 306 326 346 366 386 406 426 446 466 486 506 526 546 566 586 606 626 646 666 686 706 726 746 766 786 806 826 846 866 886 906 926 946 966 986 1006 
Best case key - 506
Average case key - 246
Worst case key -9999
Iteration 6
Array inputs: 
0 20 40 60 80 100 120 140 160 180 200 220 240 260 280 300 320 340 360 380 400 420 440 460 480 500 520 540 560 580 600 620 640 660 680 700 720 740 760 780 800 820 840 860 880 900 920 940 960 980 1000 1020 1040 1060 1080 1100 1120 1140 1160 1180 1200 
Best case key - 600
Average case key - 300
Worst case key -9999
Iteration 7
Array inputs: 
5 25 45 65 85 105 125 145 165 185 205 225 245 265 285 305 325 345 365 385 405 425 445 465 485 505 525 545 565 585 605 625 645 665 685 705 725 745 765 785 805 825 845 865 885 905 925 945 965 985 1005 1025 1045 1065 1085 1105 1125 1145 1165 1185 1205 1225 1245 1265 1285 1305 1325 1345 1365 1385 1405 
Best case key - 705
Average case key - 345
Worst case key -9999
Iteration 8
Array inputs: 
9 29 49 69 89 109 129 149 169 189 209 229 249 269 289 309 329 349 369 389 409 429 449 469 489 509 529 549 569 589 609 629 649 669 689 709 729 749 769 789 809 829 849 869 889 909 929 949 969 989 1009 1029 1049 1069 1089 1109 1129 1149 1169 1189 1209 1229 1249 1269 1289 1309 1329 1349 1369 1389 1409 1429 1449 1469 1489 1509 1529 1549 1569 1589 1609 
Best case key - 809
Average case key - 409
Worst case key -9999
Iteration 9
Array inputs: 
6 26 46 66 86 106 126 146 166 186 206 226 246 266 286 306 326 346 366 386 406 426 446 466 486 506 526 546 566 586 606 626 646 666 686 706 726 746 766 786 806 826 846 866 886 906 926 946 966 986 1006 1026 1046 1066 1086 1106 1126 1146 1166 1186 1206 1226 1246 1266 1286 1306 1326 1346 1366 1386 1406 1426 1446 1466 1486 1506 1526 1546 1566 1586 1606 1626 1646 1666 1686 1706 1726 1746 1766 1786 1806 
Best case key - 906
Average case key - 446
Worst case key -9999
Iteration 10
Array inputs: 
9 29 49 69 89 109 129 149 169 189 209 229 249 269 289 309 329 349 369 389 409 429 449 469 489 509 529 549 569 589 609 629 649 669 689 709 729 749 769 789 809 829 849 869 889 909 929 949 969 989 1009 1029 1049 1069 1089 1109 1129 1149 1169 1189 1209 1229 1249 1269 1289 1309 1329 1349 1369 1389 1409 1429 1449 1469 1489 1509 1529 1549 1569 1589 1609 1629 1649 1669 1689 1709 1729 1749 1769 1789 1809 1829 1849 1869 1889 1909 1929 1949 1969 1989 2009 
Best case key - 1009
Average case key - 509
Worst case key -9999
