Iteration - 1
Best case input: 
4 6 8 11 14 21 29 33 38 42 
Average case inputs: 
33 92 10 33 78 71 65 40 14 94 
Worst case inputs: 
89 84 79 74 69 64 59 54 49 44 
Iteration - 2
Best case input: 
6 6 14 23 28 31 34 38 45 47 47 50 57 60 68 72 75 80 81 81 
Average case inputs: 
62 29 17 83 19 98 95 24 69 84 19 27 32 44 53 49 70 33 38 23 
Worst case inputs: 
55 50 45 40 35 30 25 20 15 10 5 0 -5 -10 -15 -20 -25 -30 -35 -40 
Iteration - 3
Best case input: 
6 12 20 21 24 27 28 35 43 49 53 60 66 71 74 81 89 90 94 96 102 102 104 109 112 120 125 126 129 135 
Average case inputs: 
30 63 92 61 2 53 82 38 0 73 26 74 38 5 7 79 86 85 91 3 57 50 75 2 87 82 83 44 31 81 
Worst case inputs: 
54 49 44 39 34 29 24 19 14 9 4 -1 -6 -11 -16 -21 -26 -31 -36 -41 -46 -51 -56 -61 -66 -71 -76 -81 -86 -91 
Iteration - 4
Best case input: 
5 7 11 18 19 21 26 31 33 39 44 49 49 56 59 61 61 70 72 79 81 85 92 99 106 113 114 116 125 127 127 131 135 139 139 144 147 155 157 162 
Average case inputs: 
81 62 81 83 30 53 77 13 11 39 20 72 65 72 67 29 39 0 41 77 82 6 76 50 59 90 76 56 73 81 89 4 35 12 85 37 72 48 77 57 
Worst case inputs: 
15 10 5 0 -5 -10 -15 -20 -25 -30 -35 -40 -45 -50 -55 -60 -65 -70 -75 -80 -85 -90 -95 -100 -105 -110 -115 -120 -125 -130 -135 -140 -145 -150 -155 -160 -165 -170 -175 -180 
Iteration - 5
Best case input: 
6 6 8 16 16 24 27 30 36 44 52 60 64 73 77 84 84 89 92 100 106 108 114 121 129 138 147 152 158 165 165 172 173 180 183 188 188 194 195 198 198 199 202 208 215 216 216 219 219 228 
Average case inputs: 
40 26 63 43 87 44 62 90 64 63 37 15 79 61 73 16 13 63 24 99 56 20 85 98 91 81 5 74 83 22 36 84 89 36 71 69 40 0 9 62 74 59 43 2 62 42 36 86 64 64 
Worst case inputs: 
33 28 23 18 13 8 3 -2 -7 -12 -17 -22 -27 -32 -37 -42 -47 -52 -57 -62 -67 -72 -77 -82 -87 -92 -97 -102 -107 -112 -117 -122 -127 -132 -137 -142 -147 -152 -157 -162 -167 -172 -177 -182 -187 -192 -197 -202 -207 -212 
Iteration - 6
Best case input: 
1 7 12 15 23 25 32 37 43 50 55 59 62 64 67 70 73 74 81 88 95 102 104 107 112 119 127 132 137 138 139 143 147 156 165 170 175 179 186 193 197 205 212 219 224 226 235 242 249 251 259 265 268 270 279 281 283 290 293 294 
Average case inputs: 
54 31 32 19 23 45 1 18 9 68 13 20 42 19 79 4 78 46 95 52 28 22 45 53 84 73 7 83 72 86 38 34 14 67 85 57 90 45 8 14 20 96 99 51 33 7 23 4 31 26 31 21 42 15 67 89 28 85 5 78 
Worst case inputs: 
91 86 81 76 71 66 61 56 51 46 41 36 31 26 21 16 11 6 1 -4 -9 -14 -19 -24 -29 -34 -39 -44 -49 -54 -59 -64 -69 -74 -79 -84 -89 -94 -99 -104 -109 -114 -119 -124 -129 -134 -139 -144 -149 -154 -159 -164 -169 -174 -179 -184 -189 -194 -199 -204 
Iteration - 7
Best case input: 
0 0 1 10 17 19 24 28 34 43 43 51 56 60 66 66 67 73 74 82 88 94 100 105 113 116 122 127 131 135 140 149 155 164 170 174 182 189 193 199 199 199 204 212 213 222 226 227 229 236 242 243 245 245 250 259 264 268 274 274 282 286 289 293 297 300 302 309 313 316 
Average case inputs: 
88 82 99 88 95 83 18 41 46 46 81 35 59 6 89 28 41 42 26 35 96 10 90 0 77 54 14 45 52 94 21 83 63 30 43 93 69 19 45 89 74 66 33 77 61 99 40 7 95 80 86 35 82 43 90 13 30 33 15 83 70 97 94 88 10 97 29 94 92 87 
Worst case inputs: 
88 83 78 73 68 63 58 53 48 43 38 33 28 23 18 13 8 3 -2 -7 -12 -17 -22 -27 -32 -37 -42 -47 -52 -57 -62 -67 -72 -77 -82 -87 -92 -97 -102 -107 -112 -117 -122 -127 -132 -137 -142 -147 -152 -157 -162 -167 -172 -177 -182 -187 -192 -197 -202 -207 -212 -217 -222 -227 -232 -237 -242 -247 -252 -257 
Iteration - 8
Best case input: 
9 18 18 23 31 32 40 43 47 53 58 61 68 70 74 74 82 83 86 93 97 104 111 120 128 130 133 133 134 136 137 141 150 154 154 156 159 160 163 167 169 177 183 185 194 196 199 205 205 211 214 223 229 232 236 238 238 240 249 253 259 260 265 266 268 275 280 288 293 299 304 313 320 327 334 339 339 348 352 357 
Average case inputs: 
54 57 13 63 85 91 67 1 15 30 59 1 59 28 91 15 64 79 95 95 51 66 36 55 56 47 87 38 57 0 3 32 25 3 85 19 96 62 38 49 66 67 50 35 83 88 35 97 6 22 68 47 69 80 71 8 8 74 77 60 39 47 68 43 37 19 57 68 82 73 88 47 24 15 64 15 42 42 47 83 
Worst case inputs: 
53 48 43 38 33 28 23 18 13 8 3 -2 -7 -12 -17 -22 -27 -32 -37 -42 -47 -52 -57 -62 -67 -72 -77 -82 -87 -92 -97 -102 -107 -112 -117 -122 -127 -132 -137 -142 -147 -152 -157 -162 -167 -172 -177 -182 -187 -192 -197 -202 -207 -212 -217 -222 -227 -232 -237 -242 -247 -252 -257 -262 -267 -272 -277 -282 -287 -292 -297 -302 -307 -312 -317 -322 -327 -332 -337 -342 
Iteration - 9
Best case input: 
3 9 16 18 21 28 34 42 50 51 60 61 65 71 79 86 89 90 92 101 109 112 121 124 127 130 133 134 136 138 143 147 156 163 172 181 182 182 186 194 197 198 203 203 204 213 218 225 229 230 233 240 241 250 257 263 271 272 281 290 296 296 302 304 306 315 324 325 328 330 333 341 344 346 353 358 365 373 376 376 381 390 392 401 404 407 412 417 423 430 
Average case inputs: 
38 76 54 28 44 53 57 54 10 27 84 18 31 64 80 1 57 4 72 70 89 24 30 94 72 63 23 70 94 37 86 3 81 10 17 33 89 18 88 92 57 92 86 55 64 44 82 6 1 8 46 63 19 7 89 39 85 0 38 86 10 60 60 84 92 51 17 93 58 23 66 28 46 3 80 35 55 55 95 18 12 47 86 61 77 13 23 26 55 99 
Worst case inputs: 
8 3 -2 -7 -12 -17 -22 -27 -32 -37 -42 -47 -52 -57 -62 -67 -72 -77 -82 -87 -92 -97 -102 -107 -112 -117 -122 -127 -132 -137 -142 -147 -152 -157 -162 -167 -172 -177 -182 -187 -192 -197 -202 -207 -212 -217 -222 -227 -232 -237 -242 -247 -252 -257 -262 -267 -272 -277 -282 -287 -292 -297 -302 -307 -312 -317 -322 -327 -332 -337 -342 -347 -352 -357 -362 -367 -372 -377 -382 -387 -392 -397 -402 -407 -412 -417 -422 -427 -432 -437 
Iteration - 10
Best case input: 
0 5 10 17 23 24 27 33 41 48 54 60 64 67 75 78 83 91 92 97 104 104 106 107 113 120 123 129 135 141 148 150 158 162 167 169 173 179 180 180 189 190 192 193 193 196 196 197 204 211 218 221 228 234 237 238 242 250 259 263 272 272 273 278 280 282 286 287 289 294 296 302 303 309 315 316 316 320 322 322 327 335 338 340 342 344 353 359 359 363 368 377 378 378 387 392 394 399 402 405 
Average case inputs: 
24 66 21 38 16 28 71 64 96 80 87 79 7 94 17 64 40 20 5 53 91 11 39 50 56 63 10 10 92 5 56 97 97 63 96 84 21 24 92 37 16 20 58 9 33 54 76 72 55 41 51 19 69 16 16 75 21 1 32 53 4 31 14 81 88 30 14 8 74 20 9 5 38 70 54 7 57 88 43 15 89 77 40 43 23 17 94 59 94 40 36 43 70 7 47 82 91 81 64 33 
Worst case inputs: 
35 30 25 20 15 10 5 0 -5 -10 -15 -20 -25 -30 -35 -40 -45 -50 -55 -60 -65 -70 -75 -80 -85 -90 -95 -100 -105 -110 -115 -120 -125 -130 -135 -140 -145 -150 -155 -160 -165 -170 -175 -180 -185 -190 -195 -200 -205 -210 -215 -220 -225 -230 -235 -240 -245 -250 -255 -260 -265 -270 -275 -280 -285 -290 -295 -300 -305 -310 -315 -320 -325 -330 -335 -340 -345 -350 -355 -360 -365 -370 -375 -380 -385 -390 -395 -400 -405 -410 -415 -420 -425 -430 -435 -440 -445 -450 -455 -460 
