Iteration 1 : 
u=55 
l=46
53 55 54 50 48 55 46 50 54 54 
Iteration 2 : 
u=18 
l=11
13 16 17 14 12 16 16 13 18 11 18 17 12 14 12 14 18 11 18 17 
Iteration 3 : 
u=75 
l=69
70 74 75 73 73 69 69 69 69 69 71 74 75 75 75 71 75 71 71 74 70 74 72 75 71 75 75 69 74 71 
Iteration 4 : 
u=82 
l=80
81 82 80 81 82 81 80 82 82 82 82 80 80 82 82 82 82 80 82 80 80 80 82 81 81 82 80 81 81 80 82 80 82 81 82 81 82 82 80 82 
Iteration 5 : 
u=10 
l=3
7 3 10 8 4 10 8 3 10 6 5 4 3 4 6 8 5 4 9 8 10 7 6 9 7 9 7 5 4 7 4 8 4 3 9 6 6 5 4 3 10 4 10 3 8 5 9 3 5 3 
Iteration 6 : 
u=30 
l=28
30 30 28 29 28 30 28 28 28 30 29 28 30 29 29 28 28 28 29 29 29 30 30 30 30 29 30 30 28 30 30 29 29 29 28 28 29 29 30 30 29 30 28 29 28 29 29 28 30 30 30 29 30 28 28 28 30 28 28 29 
Iteration 7 : 
u=61 
l=55
56 61 59 58 60 55 57 55 59 60 56 55 59 60 55 56 57 59 59 56 57 58 56 60 55 58 57 56 60 57 59 55 57 55 60 55 60 61 55 57 57 59 56 57 59 57 61 58 60 55 59 57 61 56 59 57 60 56 60 61 55 60 57 58 61 60 58 56 57 59 
Iteration 8 : 
u=31 
l=30
31 31 31 31 31 30 30 30 31 31 31 31 30 30 31 31 31 30 31 31 31 30 30 31 30 30 30 31 31 31 30 30 30 30 31 31 31 30 31 31 31 31 30 30 30 31 31 31 30 31 31 30 30 31 30 30 31 31 30 30 31 30 30 30 30 30 31 31 31 31 31 31 31 30 31 30 31 30 30 31 
Iteration 9 : 
u=74 
l=74
74 74 74 74 74 74 74 74 74 74 74 74 74 74 74 74 74 74 74 74 74 74 74 74 74 74 74 74 74 74 74 74 74 74 74 74 74 74 74 74 74 74 74 74 74 74 74 74 74 74 74 74 74 74 74 74 74 74 74 74 74 74 74 74 74 74 74 74 74 74 74 74 74 74 74 74 74 74 74 74 74 74 74 74 74 74 74 74 74 74 
Iteration 10 : 
u=12 
l=11
12 11 11 11 12 11 12 12 12 11 12 11 11 11 12 11 11 11 12 12 12 12 12 12 12 12 12 12 12 11 12 11 11 11 11 11 12 11 11 12 11 12 11 12 11 12 11 12 12 12 11 11 12 11 11 11 11 12 11 12 11 11 12 11 12 12 11 11 11 11 12 12 11 12 11 12 12 12 11 12 12 11 12 11 12 12 11 12 12 11 11 12 11 11 11 12 12 11 12 12 
