Graph size: 1
0 

Graph size: 2
0 1 
0 0 

Graph size: 3
0 1 1 
0 0 1 
0 0 0 

Graph size: 4
0 1 1 1 
0 0 1 1 
0 0 0 1 
0 0 0 0 

Graph size: 5
0 1 1 1 1 
0 0 1 1 1 
0 0 0 1 1 
0 0 0 0 1 
0 0 0 0 0 

Graph size: 6
0 1 1 1 1 1 
0 0 1 1 1 1 
0 0 0 1 1 1 
0 0 0 0 1 1 
0 0 0 0 0 1 
0 0 0 0 0 0 

Graph size: 7
0 1 1 1 1 1 1 
0 0 1 1 1 1 1 
0 0 0 1 1 1 1 
0 0 0 0 1 1 1 
0 0 0 0 0 1 1 
0 0 0 0 0 0 1 
0 0 0 0 0 0 0 

Graph size: 8
0 1 1 1 1 1 1 1 
0 0 1 1 1 1 1 1 
0 0 0 1 1 1 1 1 
0 0 0 0 1 1 1 1 
0 0 0 0 0 1 1 1 
0 0 0 0 0 0 1 1 
0 0 0 0 0 0 0 1 
0 0 0 0 0 0 0 0 

Graph size: 9
0 1 1 1 1 1 1 1 1 
0 0 1 1 1 1 1 1 1 
0 0 0 1 1 1 1 1 1 
0 0 0 0 1 1 1 1 1 
0 0 0 0 0 1 1 1 1 
0 0 0 0 0 0 1 1 1 
0 0 0 0 0 0 0 1 1 
0 0 0 0 0 0 0 0 1 
0 0 0 0 0 0 0 0 0 

Graph size: 10
0 1 1 1 1 1 1 1 1 1 
0 0 1 1 1 1 1 1 1 1 
0 0 0 1 1 1 1 1 1 1 
0 0 0 0 1 1 1 1 1 1 
0 0 0 0 0 1 1 1 1 1 
0 0 0 0 0 0 1 1 1 1 
0 0 0 0 0 0 0 1 1 1 
0 0 0 0 0 0 0 0 1 1 
0 0 0 0 0 0 0 0 0 1 
0 0 0 0 0 0 0 0 0 0 

