Iteration 1 : 
u=30 
l=23
26 23 30 29 23 30 24 27 24 25 
Iteration 2 : 
u=70 
l=61
69 68 65 62 66 62 66 66 67 67 65 70 67 69 69 67 68 63 64 62 
Iteration 3 : 
u=42 
l=37
42 40 41 38 40 39 38 38 40 41 42 38 38 40 37 42 40 39 42 42 42 42 41 37 41 40 38 41 38 42 
Iteration 4 : 
u=86 
l=86
86 86 86 86 86 86 86 86 86 86 86 86 86 86 86 86 86 86 86 86 86 86 86 86 86 86 86 86 86 86 86 86 86 86 86 86 86 86 86 86 
Iteration 5 : 
u=35 
l=28
34 30 33 28 28 34 35 28 29 31 31 35 32 35 34 35 30 29 33 31 33 32 32 30 29 35 31 28 35 31 31 35 32 32 28 35 29 31 35 29 33 31 29 30 28 31 28 34 29 32 
Iteration 6 : 
u=35 
l=30
35 30 32 32 31 34 31 31 33 35 33 32 33 31 35 33 32 32 30 31 30 32 30 33 30 31 32 30 31 30 34 33 30 31 30 31 33 35 30 32 32 31 33 33 33 33 31 32 30 35 30 32 31 32 34 34 35 31 30 32 
Iteration 7 : 
u=19 
l=18
18 19 18 19 19 18 18 19 19 18 18 19 19 18 19 18 19 19 19 19 18 18 19 18 18 18 18 18 19 19 18 19 19 19 18 19 18 18 18 18 18 19 18 18 19 19 18 18 18 19 18 18 18 18 18 18 19 18 19 18 18 19 18 18 18 18 18 19 19 19 
Iteration 8 : 
u=63 
l=61
63 62 63 62 62 62 61 62 62 61 61 62 62 61 62 63 61 61 62 63 61 61 62 63 63 61 63 61 61 63 62 62 62 62 63 61 63 62 63 62 62 63 61 62 61 61 62 61 62 62 63 62 61 63 63 61 62 63 61 63 62 61 61 63 63 63 63 63 62 61 61 63 62 63 61 61 61 63 62 61 
Iteration 9 : 
u=78 
l=71
77 74 77 74 71 73 76 71 75 75 72 78 76 77 73 78 77 73 72 72 73 75 73 75 75 77 73 74 72 73 73 73 74 77 76 76 71 75 77 73 73 73 77 78 71 71 76 78 75 71 77 72 77 74 71 72 73 72 72 75 76 72 77 77 77 73 72 77 73 71 74 75 71 75 73 72 78 76 75 71 75 75 75 75 71 78 75 74 73 74 
Iteration 10 : 
u=53 
l=44
47 51 46 48 53 53 47 50 44 44 47 53 45 46 52 46 44 51 45 44 47 44 50 47 45 47 45 51 47 48 53 52 53 48 49 48 45 48 49 47 46 52 52 50 48 53 51 51 45 45 47 44 51 53 44 49 51 46 48 49 51 49 49 50 47 50 51 48 46 51 48 44 47 50 44 45 49 49 50 51 52 52 44 47 44 45 49 49 53 50 45 47 47 53 51 50 51 46 50 49 
