Iteration=0
Best Input: 56 82 93 122 137 178 227 310 404 410 
Best Output: 56 82 93 122 137 178 227 310 404 410 
Best Count=15


worst Input: 56 404 137 93 227 82 410 178 122 310 
worst Output: 56 82 93 122 137 178 227 310 404 410 
worst Count=25


average Input: 3 21 6 29 29 62 11 36 46 4 
average Output: 3 4 6 11 21 29 29 36 46 62 
avearaget Count=21





Iteration=1
Best Input: 65 135 164 213 292 376 458 526 577 675 735 816 851 905 972 1016 1055 1149 1150 1230 
Best Output: 65 135 164 213 292 376 458 526 577 675 735 816 851 905 972 1016 1055 1149 1150 1230 
Best Count=40


worst Input: 65 1055 577 292 851 164 1150 735 458 972 135 1149 675 376 905 213 1230 816 526 1016 
worst Output: 65 135 164 213 292 376 458 526 577 675 735 816 851 905 972 1016 1055 1149 1150 1230 
worst Count=69


average Input: 27 72 16 91 37 61 86 0 62 63 47 75 10 0 19 44 5 27 58 11 
average Output: 0 0 5 10 11 16 19 27 27 37 44 47 58 61 62 63 72 75 86 91 
avearaget Count=65





Iteration=2
Best Input: 21 38 62 129 185 219 299 305 343 396 434 513 553 650 742 795 806 888 890 941 1012 1039 1073 1113 1174 1211 1218 1288 1331 1395 
Best Output: 21 38 62 129 185 219 299 305 343 396 434 513 553 650 742 795 806 888 890 941 1012 1039 1073 1113 1174 1211 1218 1288 1331 1395 
Best Count=71


worst Input: 21 806 343 1174 185 1012 553 1331 62 890 434 1218 299 1073 742 38 888 396 1211 219 1039 650 1395 129 941 513 1288 305 1113 795 
worst Output: 21 38 62 129 185 219 299 305 343 396 434 513 553 650 742 795 806 888 890 941 1012 1039 1073 1113 1174 1211 1218 1288 1331 1395 
worst Count=113


average Input: 0 29 60 1 99 65 80 51 22 24 33 46 98 97 81 93 50 14 65 63 91 3 3 96 93 91 41 52 4 78 
average Output: 0 1 3 3 4 14 22 24 29 33 41 46 50 51 52 60 63 65 65 78 80 81 91 91 93 93 96 97 98 99 
avearaget Count=109





Iteration=3
Best Input: 30 39 135 226 318 395 421 473 515 605 638 642 716 737 772 825 868 876 919 954 991 1047 1130 1177 1210 1212 1297 1340 1363 1424 1504 1596 1609 1649 1717 1738 1836 1924 1989 2029 
Best Output: 30 39 135 226 318 395 421 473 515 605 638 642 716 737 772 825 868 876 919 954 991 1047 1130 1177 1210 1212 1297 1340 1363 1424 1504 1596 1609 1649 1717 1738 1836 1924 1989 2029 
Best Count=100


worst Input: 30 1609 868 515 1210 318 1836 991 716 1363 135 1717 919 638 1297 421 1989 1130 772 1504 39 1649 876 605 1212 395 1924 1047 737 1424 226 1738 954 642 1340 473 2029 1177 825 1596 
worst Output: 30 39 135 226 318 395 421 473 515 605 638 642 716 737 772 825 868 876 919 954 991 1047 1130 1177 1210 1212 1297 1340 1363 1424 1504 1596 1609 1649 1717 1738 1836 1924 1989 2029 
worst Count=177


average Input: 54 66 56 6 3 2 63 12 65 18 27 39 90 96 99 19 46 45 38 0 53 69 17 81 20 35 74 70 89 64 28 19 77 26 41 14 28 33 8 41 
average Output: 0 2 3 6 8 12 14 17 18 19 19 20 26 27 28 28 33 35 38 39 41 41 45 46 53 54 56 63 64 65 66 69 70 74 77 81 89 90 96 99 
avearaget Count=163





Iteration=4
Best Input: 28 31 129 164 245 314 325 390 431 453 537 564 662 688 780 829 885 890 934 977 1046 1058 1137 1189 1203 1223 1257 1291 1303 1378 1465 1518 1544 1548 1632 1727 1756 1830 1904 1935 1961 2024 2115 2127 2149 2246 2307 2318 2322 2412 
Best Output: 28 31 129 164 245 314 325 390 431 453 537 564 662 688 780 829 885 890 934 977 1046 1058 1137 1189 1203 1223 1257 1291 1303 1378 1465 1518 1544 1548 1632 1727 1756 1830 1904 1935 1961 2024 2115 2127 2149 2246 2307 2318 2322 2412 
Best Count=133


worst Input: 28 1544 885 2322 431 1961 1203 245 1756 1046 662 2149 1303 129 1632 934 537 2115 1257 325 1904 1137 780 2307 1465 31 1548 890 2412 453 2024 1223 314 1830 1058 688 2246 1378 164 1727 977 564 2127 1291 390 1935 1189 829 2318 1518 
worst Output: 28 31 129 164 245 314 325 390 431 453 537 564 662 688 780 829 885 890 934 977 1046 1058 1137 1189 1203 1223 1257 1291 1303 1378 1465 1518 1544 1548 1632 1727 1756 1830 1904 1935 1961 2024 2115 2127 2149 2246 2307 2318 2322 2412 
worst Count=231


average Input: 40 3 74 56 37 9 81 59 24 69 19 66 35 32 65 95 84 74 50 27 37 41 57 97 30 62 18 30 71 88 92 33 99 7 65 36 8 67 3 23 99 73 69 95 42 1 97 85 4 56 
average Output: 1 3 3 4 7 8 9 18 19 23 24 27 30 30 32 33 35 36 37 37 40 41 42 50 56 56 57 59 62 65 65 66 67 69 69 71 73 74 74 81 84 85 88 92 95 95 97 97 99 99 
avearaget Count=224





Iteration=5
Best Input: 84 176 241 301 400 453 495 545 618 712 768 843 868 876 932 1031 1128 1204 1218 1227 1313 1401 1487 1514 1597 1668 1718 1810 1890 1937 1983 2034 2038 2056 2128 2187 2250 2339 2410 2441 2508 2571 2669 2678 2767 2853 2942 2956 2979 2992 3060 3156 3169 3199 3214 3248 3320 3332 3420 3466 
Best Output: 84 176 241 301 400 453 495 545 618 712 768 843 868 876 932 1031 1128 1204 1218 1227 1313 1401 1487 1514 1597 1668 1718 1810 1890 1937 1983 2034 2038 2056 2128 2187 2250 2339 2410 2441 2508 2571 2669 2678 2767 2853 2942 2956 2979 2992 3060 3156 3169 3199 3214 3248 3320 3332 3420 3466 
Best Count=172


worst Input: 84 2038 1128 2979 618 2508 1597 3320 400 2250 1313 3169 868 2767 1890 241 2128 1218 3060 768 2669 1718 3420 495 2410 1487 3214 932 2942 1983 176 2056 1204 2992 712 2571 1668 3332 453 2339 1401 3199 876 2853 1937 301 2187 1227 3156 843 2678 1810 3466 545 2441 1514 3248 1031 2956 2034 
worst Output: 84 176 241 301 400 453 495 545 618 712 768 843 868 876 932 1031 1128 1204 1218 1227 1313 1401 1487 1514 1597 1668 1718 1810 1890 1937 1983 2034 2038 2056 2128 2187 2250 2339 2410 2441 2508 2571 2669 2678 2767 2853 2942 2956 2979 2992 3060 3156 3169 3199 3214 3248 3320 3332 3420 3466 
worst Count=285


average Input: 92 19 23 20 73 31 98 51 37 67 33 90 13 71 70 65 79 39 72 12 53 33 65 91 45 93 16 22 76 56 4 11 81 7 10 86 88 44 1 88 54 77 44 67 78 92 64 28 68 72 54 10 97 5 27 3 20 49 26 13 
average Output: 1 3 4 5 7 10 10 11 12 13 13 16 19 20 20 22 23 26 27 28 31 33 33 37 39 44 44 45 49 51 53 54 54 56 64 65 65 67 67 68 70 71 72 72 73 76 77 78 79 81 86 88 88 90 91 92 92 93 97 98 
avearaget Count=285





Iteration=6
Best Input: 64 85 183 221 230 308 401 496 595 612 636 733 826 835 926 951 1049 1137 1228 1250 1292 1343 1394 1410 1501 1551 1571 1582 1671 1677 1694 1775 1842 1919 2012 2036 2090 2125 2179 2262 2354 2413 2443 2522 2532 2618 2682 2735 2769 2802 2851 2929 3025 3106 3157 3250 3347 3413 3450 3487 3567 3604 3701 3791 3800 3839 3934 3939 4038 4086 
Best Output: 64 85 183 221 230 308 401 496 595 612 636 733 826 835 926 951 1049 1137 1228 1250 1292 1343 1394 1410 1501 1551 1571 1582 1671 1677 1694 1775 1842 1919 2012 2036 2090 2125 2179 2262 2354 2413 2443 2522 2532 2618 2682 2735 2769 2802 2851 2929 3025 3106 3157 3250 3347 3413 3450 3487 3567 3604 3701 3791 3800 3839 3934 3939 4038 4086 
Best Count=205


worst Input: 64 3800 1842 1049 2769 595 2354 1501 3347 230 4038 2090 1292 3025 826 2532 1671 3567 183 3934 2012 1228 2851 636 2443 1571 3450 401 2179 1394 3157 926 2682 1694 3701 85 3839 1919 1137 2802 612 2413 1551 3413 308 4086 2125 1343 3106 835 2618 1677 3604 221 3939 2036 1250 2929 733 2522 1582 3487 496 2262 1410 3250 951 2735 1775 3791 
worst Output: 64 85 183 221 230 308 401 496 595 612 636 733 826 835 926 951 1049 1137 1228 1250 1292 1343 1394 1410 1501 1551 1571 1582 1671 1677 1694 1775 1842 1919 2012 2036 2090 2125 2179 2262 2354 2413 2443 2522 2532 2618 2682 2735 2769 2802 2851 2929 3025 3106 3157 3250 3347 3413 3450 3487 3567 3604 3701 3791 3800 3839 3934 3939 4038 4086 
worst Count=355


average Input: 82 75 11 96 36 41 73 64 89 62 73 21 88 69 74 94 41 66 41 3 86 42 70 44 9 1 43 6 34 20 9 48 37 59 94 2 46 32 27 62 63 89 99 91 13 6 61 91 19 47 43 59 99 60 6 32 38 62 84 60 87 21 59 35 11 6 11 31 83 76 
average Output: 1 2 3 6 6 6 6 9 9 11 11 11 13 19 20 21 21 27 31 32 32 34 35 36 37 38 41 41 41 42 43 43 44 46 47 48 59 59 59 60 60 61 62 62 62 63 64 66 69 70 73 73 74 75 76 82 83 84 86 87 88 89 89 91 91 94 94 96 99 99 
avearaget Count=343





Iteration=7
Best Input: 31 33 50 111 136 235 251 297 353 423 498 537 554 570 594 665 685 723 756 832 872 872 930 963 964 1005 1009 1026 1116 1141 1198 1198 1284 1351 1408 1435 1493 1542 1579 1627 1658 1719 1765 1799 1872 1941 2037 2091 2112 2140 2220 2259 2310 2312 2410 2462 2498 2592 2639 2718 2803 2838 2900 2976 3015 3024 3077 3171 3269 3366 3441 3454 3533 3595 3595 3648 3731 3828 3868 3938 
Best Output: 31 33 50 111 136 235 251 297 353 423 498 537 554 570 594 665 685 723 756 832 872 872 930 963 964 1005 1009 1026 1116 1141 1198 1198 1284 1351 1408 1435 1493 1542 1579 1627 1658 1719 1765 1799 1872 1941 2037 2091 2112 2140 2220 2259 2310 2312 2410 2462 2498 2592 2639 2718 2803 2838 2900 2976 3015 3024 3077 3171 3269 3366 3441 3454 3533 3595 3595 3648 3731 3828 3868 3938 
Best Count=240


worst Input: 31 3015 1284 685 2112 353 3533 1658 964 2498 136 3269 1493 872 2310 554 3731 1872 1116 2803 50 3077 1408 756 2220 498 3595 1765 1009 2639 251 3441 1579 930 2410 594 3868 2037 1198 2900 33 3024 1351 723 2140 423 3595 1719 1005 2592 235 3366 1542 872 2312 570 3828 1941 1141 2838 111 3171 1435 832 2259 537 3648 1799 1026 2718 297 3454 1627 963 2462 665 3938 2091 1198 2976 
worst Output: 31 33 50 111 136 235 251 297 353 423 498 537 554 570 594 665 685 723 756 832 872 872 930 963 964 1005 1009 1026 1116 1141 1198 1198 1284 1351 1408 1435 1493 1542 1579 1627 1658 1719 1765 1799 1872 1941 2037 2091 2112 2140 2220 2259 2310 2312 2410 2462 2498 2592 2639 2718 2803 2838 2900 2976 3015 3024 3077 3171 3269 3366 3441 3454 3533 3595 3595 3648 3731 3828 3868 3938 
worst Count=433


average Input: 60 4 71 73 14 30 49 17 70 26 13 9 18 65 15 49 82 13 83 31 9 43 80 17 27 67 8 4 45 62 64 83 1 97 0 19 56 60 69 41 61 29 42 74 68 35 52 3 83 57 88 58 48 75 54 75 87 70 12 18 53 39 64 95 21 6 97 48 66 20 71 75 41 67 78 3 76 44 29 65 
average Output: 0 1 3 3 4 4 6 8 9 9 12 13 13 14 15 17 17 18 18 19 20 21 26 27 29 29 30 31 35 39 41 41 42 43 44 45 48 48 49 49 52 53 54 56 57 58 60 60 61 62 64 64 65 65 66 67 67 68 69 70 70 71 71 73 74 75 75 75 76 78 80 82 83 83 83 87 88 95 97 97 
avearaget Count=409





Iteration=8
Best Input: 27 117 204 258 260 285 371 451 467 500 558 578 640 660 748 805 876 937 1032 1114 1140 1190 1245 1261 1282 1379 1412 1428 1505 1515 1601 1601 1638 1698 1729 1753 1837 1846 1933 1992 2037 2084 2179 2268 2325 2406 2409 2428 2447 2540 2638 2643 2693 2736 2776 2872 2925 3002 3092 3180 3251 3283 3333 3348 3434 3514 3553 3648 3684 3780 3799 3883 3901 3937 3976 4074 4123 4133 4232 4242 4316 4346 4392 4414 4424 4493 4525 4615 4656 4657 
Best Output: 27 117 204 258 260 285 371 451 467 500 558 578 640 660 748 805 876 937 1032 1114 1140 1190 1245 1261 1282 1379 1412 1428 1505 1515 1601 1601 1638 1698 1729 1753 1837 1846 1933 1992 2037 2084 2179 2268 2325 2406 2409 2428 2447 2540 2638 2643 2693 2736 2776 2872 2925 3002 3092 3180 3251 3283 3333 3348 3434 3514 3553 3648 3684 3780 3799 3883 3901 3937 3976 4074 4123 4133 4232 4242 4316 4346 4392 4414 4424 4493 4525 4615 4656 4657 
Best Count=275


worst Input: 27 3434 1638 876 4316 2447 467 3901 2037 1282 4656 2925 260 3684 1837 1140 4424 2693 640 4123 2325 1505 3251 204 3553 1729 1032 4392 2638 558 3976 2179 1412 3092 371 3799 1933 1245 4525 2776 748 4232 2409 1601 3333 117 3514 1698 937 4346 2540 500 3937 2084 1379 4657 3002 285 3780 1846 1190 4493 2736 660 4133 2406 1515 3283 258 3648 1753 1114 4414 2643 578 4074 2268 1428 3180 451 3883 1992 1261 4615 2872 805 4242 2428 1601 3348 
worst Output: 27 117 204 258 260 285 371 451 467 500 558 578 640 660 748 805 876 937 1032 1114 1140 1190 1245 1261 1282 1379 1412 1428 1505 1515 1601 1601 1638 1698 1729 1753 1837 1846 1933 1992 2037 2084 2179 2268 2325 2406 2409 2428 2447 2540 2638 2643 2693 2736 2776 2872 2925 3002 3092 3180 3251 3283 3333 3348 3434 3514 3553 3648 3684 3780 3799 3883 3901 3937 3976 4074 4123 4133 4232 4242 4316 4346 4392 4414 4424 4493 4525 4615 4656 4657 
worst Count=499


average Input: 2 84 14 91 6 59 20 92 37 52 96 96 28 69 59 92 78 6 10 15 50 97 90 32 79 65 5 86 89 46 30 87 94 63 95 49 86 52 37 42 87 38 28 74 88 32 1 35 3 3 76 16 17 89 2 59 12 21 99 64 56 90 75 29 87 38 97 87 46 89 73 4 17 18 58 43 49 65 59 89 43 94 76 50 47 33 51 35 27 67 
average Output: 1 2 2 3 3 4 5 6 6 10 12 14 15 16 17 17 18 20 21 27 28 28 29 30 32 32 33 35 35 37 37 38 38 42 43 43 46 46 47 49 49 50 50 51 52 52 56 58 59 59 59 59 63 64 65 65 67 69 73 74 75 76 76 78 79 84 86 86 87 87 87 87 88 89 89 89 89 90 90 91 92 92 94 94 95 96 96 97 97 99 
avearaget Count=480





Iteration=9
Best Input: 16 72 105 188 264 341 389 437 466 531 589 663 673 761 858 874 950 1012 1067 1136 1190 1196 1223 1304 1305 1308 1350 1372 1467 1555 1629 1667 1708 1807 1843 1939 1989 2042 2050 2072 2133 2229 2246 2331 2377 2409 2471 2550 2580 2590 2590 2610 2699 2705 2793 2849 2884 2960 3048 3131 3132 3202 3280 3343 3395 3439 3444 3450 3502 3578 3644 3656 3751 3753 3757 3792 3844 3922 4009 4020 4050 4095 4161 4226 4270 4344 4441 4507 4534 4556 4582 4639 4720 4761 4855 4944 5040 5130 5225 5293 
Best Output: 16 72 105 188 264 341 389 437 466 531 589 663 673 761 858 874 950 1012 1067 1136 1190 1196 1223 1304 1305 1308 1350 1372 1467 1555 1629 1667 1708 1807 1843 1939 1989 2042 2050 2072 2133 2229 2246 2331 2377 2409 2471 2550 2580 2590 2590 2610 2699 2705 2793 2849 2884 2960 3048 3131 3132 3202 3280 3343 3395 3439 3444 3450 3502 3578 3644 3656 3751 3753 3757 3792 3844 3922 4009 4020 4050 4095 4161 4226 4270 4344 4441 4507 4534 4556 4582 4639 4720 4761 4855 4944 5040 5130 5225 5293 
Best Count=316


worst Input: 16 3395 1708 5040 950 4050 2580 466 3751 2133 1305 4534 2884 264 3502 1989 1190 4270 2699 673 3844 2377 1467 4720 3132 105 3444 1843 5225 1067 4161 2590 589 3757 2246 1350 4582 3048 389 3644 2050 1223 4441 2793 858 4009 2471 1629 4855 3280 72 3439 1807 5130 1012 4095 2590 531 3753 2229 1308 4556 2960 341 3578 2042 1196 4344 2705 761 3922 2409 1555 4761 3202 188 3450 1939 5293 1136 4226 2610 663 3792 2331 1372 4639 3131 437 3656 2072 1304 4507 2849 874 4020 2550 1667 4944 3343 
worst Output: 16 72 105 188 264 341 389 437 466 531 589 663 673 761 858 874 950 1012 1067 1136 1190 1196 1223 1304 1305 1308 1350 1372 1467 1555 1629 1667 1708 1807 1843 1939 1989 2042 2050 2072 2133 2229 2246 2331 2377 2409 2471 2550 2580 2590 2590 2610 2699 2705 2793 2849 2884 2960 3048 3131 3132 3202 3280 3343 3395 3439 3444 3450 3502 3578 3644 3656 3751 3753 3757 3792 3844 3922 4009 4020 4050 4095 4161 4226 4270 4344 4441 4507 4534 4556 4582 4639 4720 4761 4855 4944 5040 5130 5225 5293 
worst Count=561


average Input: 18 61 63 29 91 29 51 87 81 97 13 77 18 42 19 93 75 60 61 84 52 3 48 88 92 86 20 25 70 87 51 72 28 62 39 73 71 63 46 3 60 25 56 93 57 56 81 67 23 81 55 73 78 37 2 27 1 59 18 35 76 66 5 18 75 26 6 37 21 14 29 23 97 34 96 39 80 97 25 56 31 86 92 18 6 54 88 67 57 46 57 42 5 75 41 48 62 69 11 69 
average Output: 1 2 3 3 5 5 6 6 11 13 14 18 18 18 18 18 19 20 21 23 23 25 25 25 26 27 28 29 29 29 31 34 35 37 37 39 39 41 42 42 46 46 48 48 51 51 52 54 55 56 56 56 57 57 57 59 60 60 61 61 62 62 63 63 66 67 67 69 69 70 71 72 73 73 75 75 75 76 77 78 80 81 81 81 84 86 86 87 87 88 88 91 92 92 93 93 96 97 97 97 
avearaget Count=538





