Best (10): 35 30 25 20 15 10 5 0 -5 -10 
85 59 64 42 41 81 32 21 18 23 
42 47 52 57 62 67 72 77 82 87 
Best (20): 10 5 0 -5 -10 -15 -20 -25 -30 -35 -40 -45 -50 -55 -60 -65 -70 -75 -80 -85 
53 93 86 55 53 47 12 57 61 63 31 72 94 61 31 40 7 76 57 86 
36 41 46 51 56 61 66 71 76 81 86 91 96 101 106 111 116 121 126 131 
Best (30): 36 31 26 21 16 11 6 1 -4 -9 -14 -19 -24 -29 -34 -39 -44 -49 -54 -59 -64 -69 -74 -79 -84 -89 -94 -99 -104 -109 
86 61 88 97 27 6 39 31 85 90 71 60 49 67 75 46 89 58 28 25 18 55 58 91 69 1 83 27 65 4 
94 99 104 109 114 119 124 129 134 139 144 149 154 159 164 169 174 179 184 189 194 199 204 209 214 219 224 229 234 239 
Best (40): 6 1 -4 -9 -14 -19 -24 -29 -34 -39 -44 -49 -54 -59 -64 -69 -74 -79 -84 -89 -94 -99 -104 -109 -114 -119 -124 -129 -134 -139 -144 -149 -154 -159 -164 -169 -174 -179 -184 -189 
27 20 91 92 14 45 88 18 16 11 19 44 16 58 22 18 72 18 19 47 14 19 98 9 71 53 68 98 59 74 29 46 55 80 56 71 64 8 45 73 
71 76 81 86 91 96 101 106 111 116 121 126 131 136 141 146 151 156 161 166 171 176 181 186 191 196 201 206 211 216 221 226 231 236 241 246 251 256 261 266 
Best (50): 51 46 41 36 31 26 21 16 11 6 1 -4 -9 -14 -19 -24 -29 -34 -39 -44 -49 -54 -59 -64 -69 -74 -79 -84 -89 -94 -99 -104 -109 -114 -119 -124 -129 -134 -139 -144 -149 -154 -159 -164 -169 -174 -179 -184 -189 -194 
87 89 82 45 44 84 62 23 5 36 21 17 50 27 94 47 6 55 78 75 31 16 73 80 57 7 10 93 74 64 31 66 5 75 29 38 35 48 38 0 90 3 64 24 2 41 73 76 37 28 
83 88 93 98 103 108 113 118 123 128 133 138 143 148 153 158 163 168 173 178 183 188 193 198 203 208 213 218 223 228 233 238 243 248 253 258 263 268 273 278 283 288 293 298 303 308 313 318 323 328 
Best (60): 79 74 69 64 59 54 49 44 39 34 29 24 19 14 9 4 -1 -6 -11 -16 -21 -26 -31 -36 -41 -46 -51 -56 -61 -66 -71 -76 -81 -86 -91 -96 -101 -106 -111 -116 -121 -126 -131 -136 -141 -146 -151 -156 -161 -166 -171 -176 -181 -186 -191 -196 -201 -206 -211 -216 
34 0 62 72 28 51 7 28 20 82 16 54 63 54 97 75 41 70 49 58 79 61 62 52 91 2 13 46 37 86 57 91 92 30 77 53 11 82 0 0 41 73 17 29 51 45 51 88 20 26 19 47 6 62 19 33 99 16 61 76 
46 51 56 61 66 71 76 81 86 91 96 101 106 111 116 121 126 131 136 141 146 151 156 161 166 171 176 181 186 191 196 201 206 211 216 221 226 231 236 241 246 251 256 261 266 271 276 281 286 291 296 301 306 311 316 321 326 331 336 341 
Best (70): 1 -4 -9 -14 -19 -24 -29 -34 -39 -44 -49 -54 -59 -64 -69 -74 -79 -84 -89 -94 -99 -104 -109 -114 -119 -124 -129 -134 -139 -144 -149 -154 -159 -164 -169 -174 -179 -184 -189 -194 -199 -204 -209 -214 -219 -224 -229 -234 -239 -244 -249 -254 -259 -264 -269 -274 -279 -284 -289 -294 -299 -304 -309 -314 -319 -324 -329 -334 -339 -344 
13 74 71 30 79 62 37 51 25 93 14 31 3 47 60 6 11 71 82 47 47 33 8 58 37 0 96 69 38 91 69 49 82 16 25 71 3 19 41 15 9 83 32 9 81 6 42 95 56 82 86 18 38 56 17 72 69 76 64 74 40 33 44 73 57 42 49 50 58 89 
25 30 35 40 45 50 55 60 65 70 75 80 85 90 95 100 105 110 115 120 125 130 135 140 145 150 155 160 165 170 175 180 185 190 195 200 205 210 215 220 225 230 235 240 245 250 255 260 265 270 275 280 285 290 295 300 305 310 315 320 325 330 335 340 345 350 355 360 365 370 
Best (80): 30 25 20 15 10 5 0 -5 -10 -15 -20 -25 -30 -35 -40 -45 -50 -55 -60 -65 -70 -75 -80 -85 -90 -95 -100 -105 -110 -115 -120 -125 -130 -135 -140 -145 -150 -155 -160 -165 -170 -175 -180 -185 -190 -195 -200 -205 -210 -215 -220 -225 -230 -235 -240 -245 -250 -255 -260 -265 -270 -275 -280 -285 -290 -295 -300 -305 -310 -315 -320 -325 -330 -335 -340 -345 -350 -355 -360 -365 
4 11 33 75 0 88 21 77 23 68 71 43 39 35 2 66 30 17 33 58 2 21 40 22 50 95 95 47 28 11 20 60 83 12 43 53 83 16 80 15 71 10 27 46 3 34 93 66 22 36 85 75 33 51 62 81 68 55 23 62 4 9 58 33 46 78 65 86 27 27 73 83 17 15 25 71 57 97 88 73 
5 10 15 20 25 30 35 40 45 50 55 60 65 70 75 80 85 90 95 100 105 110 115 120 125 130 135 140 145 150 155 160 165 170 175 180 185 190 195 200 205 210 215 220 225 230 235 240 245 250 255 260 265 270 275 280 285 290 295 300 305 310 315 320 325 330 335 340 345 350 355 360 365 370 375 380 385 390 395 400 
Best (90): 8 3 -2 -7 -12 -17 -22 -27 -32 -37 -42 -47 -52 -57 -62 -67 -72 -77 -82 -87 -92 -97 -102 -107 -112 -117 -122 -127 -132 -137 -142 -147 -152 -157 -162 -167 -172 -177 -182 -187 -192 -197 -202 -207 -212 -217 -222 -227 -232 -237 -242 -247 -252 -257 -262 -267 -272 -277 -282 -287 -292 -297 -302 -307 -312 -317 -322 -327 -332 -337 -342 -347 -352 -357 -362 -367 -372 -377 -382 -387 -392 -397 -402 -407 -412 -417 -422 -427 -432 -437 
18 91 16 32 76 35 72 22 81 15 15 11 35 52 48 69 54 36 68 99 19 83 37 15 85 14 70 77 49 23 32 41 7 64 44 47 84 43 49 65 65 45 68 62 15 18 70 2 12 85 17 27 99 92 94 42 79 58 86 41 6 19 11 63 16 0 80 96 17 0 44 43 83 13 8 17 58 75 16 25 26 2 27 44 95 22 44 21 23 40 
16 21 26 31 36 41 46 51 56 61 66 71 76 81 86 91 96 101 106 111 116 121 126 131 136 141 146 151 156 161 166 171 176 181 186 191 196 201 206 211 216 221 226 231 236 241 246 251 256 261 266 271 276 281 286 291 296 301 306 311 316 321 326 331 336 341 346 351 356 361 366 371 376 381 386 391 396 401 406 411 416 421 426 431 436 441 446 451 456 461 
Best (100): 29 24 19 14 9 4 -1 -6 -11 -16 -21 -26 -31 -36 -41 -46 -51 -56 -61 -66 -71 -76 -81 -86 -91 -96 -101 -106 -111 -116 -121 -126 -131 -136 -141 -146 -151 -156 -161 -166 -171 -176 -181 -186 -191 -196 -201 -206 -211 -216 -221 -226 -231 -236 -241 -246 -251 -256 -261 -266 -271 -276 -281 -286 -291 -296 -301 -306 -311 -316 -321 -326 -331 -336 -341 -346 -351 -356 -361 -366 -371 -376 -381 -386 -391 -396 -401 -406 -411 -416 -421 -426 -431 -436 -441 -446 -451 -456 -461 -466 
54 7 73 39 21 64 29 20 6 1 56 45 63 99 22 41 93 31 13 44 96 42 21 32 88 89 36 35 86 16 20 33 84 29 11 88 45 3 39 74 17 79 46 54 13 35 3 76 78 34 45 97 38 83 68 86 58 9 38 1 82 94 63 18 90 34 36 95 98 87 61 54 45 6 61 14 25 41 19 48 38 31 57 79 52 83 7 74 54 37 77 93 12 37 81 96 63 6 53 39 
4 9 14 19 24 29 34 39 44 49 54 59 64 69 74 79 84 89 94 99 104 109 114 119 124 129 134 139 144 149 154 159 164 169 174 179 184 189 194 199 204 209 214 219 224 229 234 239 244 249 254 259 264 269 274 279 284 289 294 299 304 309 314 319 324 329 334 339 344 349 354 359 364 369 374 379 384 389 394 399 404 409 414 419 424 429 434 439 444 449 454 459 464 469 474 479 484 489 494 499 
