Best case input: 100 50 0 -50 -100 -150 -200 -250 -300 -350 
Average case input: 15 5 92 3 5 40 24 74 62 52 
Worst case input: 47 52 57 62 67 72 77 82 87 92 
Best case input: 181 131 81 31 -19 -69 -119 -169 -219 -269 -319 -369 -419 -469 -519 -569 -619 -669 -719 -769 
Average case input: 69 83 94 25 7 59 85 65 20 20 52 79 52 61 53 0 18 48 14 37 
Worst case input: 43 48 53 58 63 68 73 78 83 88 93 98 103 108 113 118 123 128 133 138 
Best case input: 82 32 -18 -68 -118 -168 -218 -268 -318 -368 -418 -468 -518 -568 -618 -668 -718 -768 -818 -868 -918 -968 -1018 -1068 -1118 -1168 -1218 -1268 -1318 -1368 
Average case input: 41 0 49 79 25 66 20 41 82 70 57 48 0 26 45 29 88 97 72 99 92 85 50 15 28 93 66 37 24 33 
Worst case input: 89 94 99 104 109 114 119 124 129 134 139 144 149 154 159 164 169 174 179 184 189 194 199 204 209 214 219 224 229 234 
Best case input: 916 866 816 766 716 666 616 566 516 466 416 366 316 266 216 166 116 66 16 -34 -84 -134 -184 -234 -284 -334 -384 -434 -484 -534 -584 -634 -684 -734 -784 -834 -884 -934 -984 -1034 
Average case input: 63 52 10 50 81 67 4 24 86 49 14 12 71 23 6 3 72 84 19 98 2 83 37 7 21 80 19 17 70 36 39 5 91 13 18 82 99 77 72 84 
Worst case input: 0 5 10 15 20 25 30 35 40 45 50 55 60 65 70 75 80 85 90 95 100 105 110 115 120 125 130 135 140 145 150 155 160 165 170 175 180 185 190 195 
Best case input: 370 320 270 220 170 120 70 20 -30 -80 -130 -180 -230 -280 -330 -380 -430 -480 -530 -580 -630 -680 -730 -780 -830 -880 -930 -980 -1030 -1080 -1130 -1180 -1230 -1280 -1330 -1380 -1430 -1480 -1530 -1580 -1630 -1680 -1730 -1780 -1830 -1880 -1930 -1980 -2030 -2080 
Average case input: 10 35 54 94 77 37 22 4 54 33 94 23 89 29 11 21 22 84 56 22 51 33 25 18 62 79 99 29 21 25 34 1 31 80 41 85 20 14 13 84 25 93 28 20 53 33 67 24 71 38 
Worst case input: 98 103 108 113 118 123 128 133 138 143 148 153 158 163 168 173 178 183 188 193 198 203 208 213 218 223 228 233 238 243 248 253 258 263 268 273 278 283 288 293 298 303 308 313 318 323 328 333 338 343 
Best case input: 604 554 504 454 404 354 304 254 204 154 104 54 4 -46 -96 -146 -196 -246 -296 -346 -396 -446 -496 -546 -596 -646 -696 -746 -796 -846 -896 -946 -996 -1046 -1096 -1146 -1196 -1246 -1296 -1346 -1396 -1446 -1496 -1546 -1596 -1646 -1696 -1746 -1796 -1846 -1896 -1946 -1996 -2046 -2096 -2146 -2196 -2246 -2296 -2346 
Average case input: 50 13 51 19 77 12 46 85 14 44 23 94 14 23 73 71 61 75 17 0 28 41 9 53 46 25 91 17 82 26 25 56 67 81 27 48 25 2 83 10 89 29 99 82 54 77 64 28 65 83 2 40 82 47 85 4 88 40 78 73 
Worst case input: 91 96 101 106 111 116 121 126 131 136 141 146 151 156 161 166 171 176 181 186 191 196 201 206 211 216 221 226 231 236 241 246 251 256 261 266 271 276 281 286 291 296 301 306 311 316 321 326 331 336 341 346 351 356 361 366 371 376 381 386 
Best case input: 496 446 396 346 296 246 196 146 96 46 -4 -54 -104 -154 -204 -254 -304 -354 -404 -454 -504 -554 -604 -654 -704 -754 -804 -854 -904 -954 -1004 -1054 -1104 -1154 -1204 -1254 -1304 -1354 -1404 -1454 -1504 -1554 -1604 -1654 -1704 -1754 -1804 -1854 -1904 -1954 -2004 -2054 -2104 -2154 -2204 -2254 -2304 -2354 -2404 -2454 -2504 -2554 -2604 -2654 -2704 -2754 -2804 -2854 -2904 -2954 
Average case input: 76 55 36 28 64 21 48 36 31 1 49 23 87 47 97 30 13 64 68 59 29 48 92 52 14 84 35 0 48 14 86 41 31 74 91 70 39 70 11 79 20 16 1 95 6 18 73 78 21 51 6 83 21 44 51 78 2 37 47 18 22 13 42 93 23 51 73 85 22 7 
Worst case input: 34 39 44 49 54 59 64 69 74 79 84 89 94 99 104 109 114 119 124 129 134 139 144 149 154 159 164 169 174 179 184 189 194 199 204 209 214 219 224 229 234 239 244 249 254 259 264 269 274 279 284 289 294 299 304 309 314 319 324 329 334 339 344 349 354 359 364 369 374 379 
Best case input: 171 121 71 21 -29 -79 -129 -179 -229 -279 -329 -379 -429 -479 -529 -579 -629 -679 -729 -779 -829 -879 -929 -979 -1029 -1079 -1129 -1179 -1229 -1279 -1329 -1379 -1429 -1479 -1529 -1579 -1629 -1679 -1729 -1779 -1829 -1879 -1929 -1979 -2029 -2079 -2129 -2179 -2229 -2279 -2329 -2379 -2429 -2479 -2529 -2579 -2629 -2679 -2729 -2779 -2829 -2879 -2929 -2979 -3029 -3079 -3129 -3179 -3229 -3279 -3329 -3379 -3429 -3479 -3529 -3579 -3629 -3679 -3729 -3779 
Average case input: 64 84 90 4 73 44 36 55 74 65 86 54 31 32 0 81 0 39 19 33 11 59 88 59 23 28 58 98 79 97 21 87 83 98 96 99 62 19 56 72 35 74 21 0 69 69 6 61 33 98 16 37 55 86 40 84 83 39 58 68 70 82 60 83 43 17 70 88 47 57 57 47 45 50 92 6 78 53 84 24 
Worst case input: 75 80 85 90 95 100 105 110 115 120 125 130 135 140 145 150 155 160 165 170 175 180 185 190 195 200 205 210 215 220 225 230 235 240 245 250 255 260 265 270 275 280 285 290 295 300 305 310 315 320 325 330 335 340 345 350 355 360 365 370 375 380 385 390 395 400 405 410 415 420 425 430 435 440 445 450 455 460 465 470 
Best case input: 990 940 890 840 790 740 690 640 590 540 490 440 390 340 290 240 190 140 90 40 -10 -60 -110 -160 -210 -260 -310 -360 -410 -460 -510 -560 -610 -660 -710 -760 -810 -860 -910 -960 -1010 -1060 -1110 -1160 -1210 -1260 -1310 -1360 -1410 -1460 -1510 -1560 -1610 -1660 -1710 -1760 -1810 -1860 -1910 -1960 -2010 -2060 -2110 -2160 -2210 -2260 -2310 -2360 -2410 -2460 -2510 -2560 -2610 -2660 -2710 -2760 -2810 -2860 -2910 -2960 -3010 -3060 -3110 -3160 -3210 -3260 -3310 -3360 -3410 -3460 
Average case input: 42 52 91 48 66 23 32 58 20 73 82 91 98 53 58 60 34 34 59 80 21 68 86 29 12 12 59 73 73 17 45 20 1 20 14 80 85 5 77 84 65 81 67 65 97 94 47 89 42 58 27 34 43 37 24 79 4 49 42 94 62 62 68 62 1 5 16 65 6 97 38 52 14 53 33 30 7 17 83 55 23 39 38 10 74 23 35 1 59 6 
Worst case input: 54 59 64 69 74 79 84 89 94 99 104 109 114 119 124 129 134 139 144 149 154 159 164 169 174 179 184 189 194 199 204 209 214 219 224 229 234 239 244 249 254 259 264 269 274 279 284 289 294 299 304 309 314 319 324 329 334 339 344 349 354 359 364 369 374 379 384 389 394 399 404 409 414 419 424 429 434 439 444 449 454 459 464 469 474 479 484 489 494 499 
Best case input: 198 148 98 48 -2 -52 -102 -152 -202 -252 -302 -352 -402 -452 -502 -552 -602 -652 -702 -752 -802 -852 -902 -952 -1002 -1052 -1102 -1152 -1202 -1252 -1302 -1352 -1402 -1452 -1502 -1552 -1602 -1652 -1702 -1752 -1802 -1852 -1902 -1952 -2002 -2052 -2102 -2152 -2202 -2252 -2302 -2352 -2402 -2452 -2502 -2552 -2602 -2652 -2702 -2752 -2802 -2852 -2902 -2952 -3002 -3052 -3102 -3152 -3202 -3252 -3302 -3352 -3402 -3452 -3502 -3552 -3602 -3652 -3702 -3752 -3802 -3852 -3902 -3952 -4002 -4052 -4102 -4152 -4202 -4252 -4302 -4352 -4402 -4452 -4502 -4552 -4602 -4652 -4702 -4752 
Average case input: 63 20 86 85 54 68 50 1 26 76 12 96 89 9 21 60 65 4 41 14 37 46 76 80 19 9 2 61 32 31 47 19 36 58 50 62 75 21 99 71 55 58 74 15 54 20 66 77 26 7 13 18 20 74 22 68 34 12 25 24 24 91 2 4 1 88 24 59 81 71 3 39 93 34 12 41 7 55 28 87 36 95 36 19 39 72 47 45 63 95 12 55 31 14 29 80 57 60 17 46 
Worst case input: 92 97 102 107 112 117 122 127 132 137 142 147 152 157 162 167 172 177 182 187 192 197 202 207 212 217 222 227 232 237 242 247 252 257 262 267 272 277 282 287 292 297 302 307 312 317 322 327 332 337 342 347 352 357 362 367 372 377 382 387 392 397 402 407 412 417 422 427 432 437 442 447 452 457 462 467 472 477 482 487 492 497 502 507 512 517 522 527 532 537 542 547 552 557 562 567 572 577 582 587 
