Iteration - 1
Best case input: 
4 13 14 15 19 25 32 36 43 46 
Average case inputs: 
19 15 83 96 43 10 81 79 53 11 
Worst case inputs: 
34 29 24 19 14 9 4 -1 -6 -11 
Iteration - 2
Best case input: 
8 16 21 28 33 33 38 41 42 50 55 63 72 81 84 88 95 101 101 108 
Average case inputs: 
20 2 54 38 94 92 20 43 14 66 53 14 64 79 69 65 65 67 87 70 
Worst case inputs: 
42 37 32 27 22 17 12 7 2 -3 -8 -13 -18 -23 -28 -33 -38 -43 -48 -53 
Iteration - 3
Best case input: 
5 11 20 20 26 31 39 45 45 53 62 63 64 71 73 78 79 84 91 98 100 106 115 119 125 129 137 141 150 150 
Average case inputs: 
37 22 98 20 59 10 19 89 2 60 51 44 79 37 65 16 45 95 37 62 61 9 38 48 69 90 93 74 50 95 
Worst case inputs: 
33 28 23 18 13 8 3 -2 -7 -12 -17 -22 -27 -32 -37 -42 -47 -52 -57 -62 -67 -72 -77 -82 -87 -92 -97 -102 -107 -112 
Iteration - 4
Best case input: 
4 5 5 5 8 14 14 21 25 27 34 39 40 41 46 48 53 56 59 66 69 70 79 88 94 99 100 101 106 107 107 112 118 120 121 121 126 127 131 140 
Average case inputs: 
64 64 88 16 57 98 92 64 2 97 43 7 97 66 18 79 66 98 26 69 56 94 12 40 14 16 0 3 61 76 21 53 32 54 56 55 80 48 63 58 
Worst case inputs: 
21 16 11 6 1 -4 -9 -14 -19 -24 -29 -34 -39 -44 -49 -54 -59 -64 -69 -74 -79 -84 -89 -94 -99 -104 -109 -114 -119 -124 -129 -134 -139 -144 -149 -154 -159 -164 -169 -174 
Iteration - 5
Best case input: 
8 14 22 28 32 35 43 51 53 55 61 62 67 71 78 78 80 88 89 90 99 101 104 110 119 123 130 136 143 148 149 151 152 153 153 159 164 164 169 178 183 192 194 202 206 213 221 228 234 237 
Average case inputs: 
26 71 91 56 13 3 26 55 95 43 68 99 2 7 20 95 76 97 94 36 25 21 32 78 85 81 86 24 20 35 98 92 72 35 56 82 30 13 33 67 75 27 23 61 16 98 85 53 75 23 
Worst case inputs: 
2 -3 -8 -13 -18 -23 -28 -33 -38 -43 -48 -53 -58 -63 -68 -73 -78 -83 -88 -93 -98 -103 -108 -113 -118 -123 -128 -133 -138 -143 -148 -153 -158 -163 -168 -173 -178 -183 -188 -193 -198 -203 -208 -213 -218 -223 -228 -233 -238 -243 
Iteration - 6
Best case input: 
8 12 18 23 29 31 31 35 41 46 49 57 66 67 70 72 78 84 88 96 105 110 118 122 124 133 139 144 144 151 159 160 169 172 180 188 194 198 203 209 217 225 231 234 234 237 241 247 252 255 258 265 266 268 276 276 277 286 295 304 
Average case inputs: 
75 57 94 57 60 1 63 10 13 44 78 34 63 20 4 15 8 77 59 95 14 95 29 29 40 73 97 38 91 61 13 90 76 51 52 52 68 18 48 91 48 8 34 93 74 57 4 12 58 68 20 68 90 37 60 56 62 15 21 28 
Worst case inputs: 
11 6 1 -4 -9 -14 -19 -24 -29 -34 -39 -44 -49 -54 -59 -64 -69 -74 -79 -84 -89 -94 -99 -104 -109 -114 -119 -124 -129 -134 -139 -144 -149 -154 -159 -164 -169 -174 -179 -184 -189 -194 -199 -204 -209 -214 -219 -224 -229 -234 -239 -244 -249 -254 -259 -264 -269 -274 -279 -284 
Iteration - 7
Best case input: 
6 14 16 16 20 26 31 31 38 39 46 46 53 58 67 68 76 79 84 86 95 95 97 98 105 108 110 114 114 121 123 129 131 131 140 145 154 163 171 171 173 174 183 186 188 195 203 208 212 212 213 221 223 228 232 239 240 248 256 265 265 274 279 288 292 295 298 301 301 301 
Average case inputs: 
81 67 26 34 19 94 27 12 48 45 97 70 26 81 18 85 45 24 95 21 45 63 73 57 53 80 48 19 60 65 92 43 87 30 44 31 90 12 20 24 50 42 60 99 58 37 89 74 0 94 70 48 23 35 23 13 66 62 37 95 76 28 46 42 74 54 6 46 28 44 
Worst case inputs: 
74 69 64 59 54 49 44 39 34 29 24 19 14 9 4 -1 -6 -11 -16 -21 -26 -31 -36 -41 -46 -51 -56 -61 -66 -71 -76 -81 -86 -91 -96 -101 -106 -111 -116 -121 -126 -131 -136 -141 -146 -151 -156 -161 -166 -171 -176 -181 -186 -191 -196 -201 -206 -211 -216 -221 -226 -231 -236 -241 -246 -251 -256 -261 -266 -271 
Iteration - 8
Best case input: 
9 16 25 33 41 41 46 53 59 63 71 80 89 97 98 98 105 107 108 112 115 116 117 121 124 131 139 144 153 154 159 167 174 175 181 186 191 193 194 194 195 196 202 210 210 217 217 218 222 222 231 234 241 246 247 254 258 263 270 274 279 279 281 282 286 288 296 302 302 308 313 314 317 324 325 331 338 344 346 347 
Average case inputs: 
25 61 81 9 58 4 76 38 96 67 88 31 84 55 60 41 54 36 79 71 82 77 40 36 49 54 96 24 60 27 76 53 42 18 66 99 22 27 45 57 47 9 34 86 67 12 83 0 26 20 82 9 24 65 83 23 51 41 2 44 97 14 61 5 30 64 10 54 43 97 39 23 19 48 18 17 28 14 72 24 
Worst case inputs: 
8 3 -2 -7 -12 -17 -22 -27 -32 -37 -42 -47 -52 -57 -62 -67 -72 -77 -82 -87 -92 -97 -102 -107 -112 -117 -122 -127 -132 -137 -142 -147 -152 -157 -162 -167 -172 -177 -182 -187 -192 -197 -202 -207 -212 -217 -222 -227 -232 -237 -242 -247 -252 -257 -262 -267 -272 -277 -282 -287 -292 -297 -302 -307 -312 -317 -322 -327 -332 -337 -342 -347 -352 -357 -362 -367 -372 -377 -382 -387 
Iteration - 9
Best case input: 
5 8 13 18 22 26 31 39 40 48 57 66 70 72 72 73 81 86 90 91 100 107 114 122 125 125 127 127 129 138 146 146 155 164 169 173 178 185 188 191 193 198 201 209 213 221 229 232 239 245 250 253 258 260 267 275 279 284 291 292 292 295 297 301 301 308 308 309 315 322 331 336 336 344 349 349 353 357 357 357 361 370 378 385 394 399 400 407 408 408 
Average case inputs: 
88 77 40 30 60 86 18 62 30 4 16 50 80 67 31 98 44 87 6 53 73 8 80 13 2 19 44 79 80 73 39 86 15 58 74 81 76 68 21 47 34 6 75 19 27 83 82 80 12 43 6 99 79 31 37 79 3 44 18 51 9 54 14 2 90 2 26 31 13 50 30 28 67 31 21 53 40 40 3 0 60 21 55 83 5 50 57 68 98 28 
Worst case inputs: 
83 78 73 68 63 58 53 48 43 38 33 28 23 18 13 8 3 -2 -7 -12 -17 -22 -27 -32 -37 -42 -47 -52 -57 -62 -67 -72 -77 -82 -87 -92 -97 -102 -107 -112 -117 -122 -127 -132 -137 -142 -147 -152 -157 -162 -167 -172 -177 -182 -187 -192 -197 -202 -207 -212 -217 -222 -227 -232 -237 -242 -247 -252 -257 -262 -267 -272 -277 -282 -287 -292 -297 -302 -307 -312 -317 -322 -327 -332 -337 -342 -347 -352 -357 -362 
Iteration - 10
Best case input: 
0 2 8 8 14 21 27 36 38 47 54 58 60 69 74 77 86 90 93 101 102 103 105 111 111 116 125 128 129 133 134 138 142 146 146 146 146 152 160 166 169 177 178 183 188 195 197 202 206 215 219 225 225 228 230 233 240 244 245 246 249 254 263 267 275 277 285 290 295 302 309 314 320 328 332 333 338 344 344 347 353 357 357 363 367 371 371 375 382 385 386 387 390 398 406 409 410 415 416 421 
Average case inputs: 
1 3 89 14 20 68 16 47 41 44 73 32 6 72 37 68 78 87 44 39 17 28 17 76 21 18 19 65 34 29 36 32 17 79 3 75 15 63 25 11 84 24 7 58 94 73 7 68 74 99 80 66 54 80 71 54 36 59 55 38 34 68 80 40 70 38 47 65 64 65 93 57 10 21 81 99 39 20 66 77 39 47 86 78 6 8 44 14 66 2 16 94 22 33 4 65 37 8 65 77 
Worst case inputs: 
48 43 38 33 28 23 18 13 8 3 -2 -7 -12 -17 -22 -27 -32 -37 -42 -47 -52 -57 -62 -67 -72 -77 -82 -87 -92 -97 -102 -107 -112 -117 -122 -127 -132 -137 -142 -147 -152 -157 -162 -167 -172 -177 -182 -187 -192 -197 -202 -207 -212 -217 -222 -227 -232 -237 -242 -247 -252 -257 -262 -267 -272 -277 -282 -287 -292 -297 -302 -307 -312 -317 -322 -327 -332 -337 -342 -347 -352 -357 -362 -367 -372 -377 -382 -387 -392 -397 -402 -407 -412 -417 -422 -427 -432 -437 -442 -447 
