Best case input : 9 13 22 29 37 40 45 50 53 56 
Average case input : 14 0 64 19 83 53 51 68 5 96 
Worst case input : 240 162 135 37 -48 -129 -184 -243 -267 -289 
Best case input : 1 7 12 20 20 26 33 36 37 44 53 57 60 63 63 64 64 72 72 81 
Average case input : 24 87 42 42 9 19 86 96 31 35 84 12 89 88 82 53 42 55 25 77 
Worst case input : 826 768 675 636 539 497 457 398 321 292 289 250 156 120 55 -21 -89 -112 -153 -226 
Best case input : 1 2 9 15 23 29 31 35 36 42 46 46 52 58 63 70 78 85 91 93 98 100 108 116 122 123 131 136 140 145 
Average case input : 12 98 88 79 85 80 28 13 94 50 27 72 53 29 87 90 7 59 44 40 80 5 0 32 17 76 13 32 13 25 
Worst case input : 967 916 827 816 732 717 645 573 520 510 503 460 397 340 244 195 169 167 142 87 39 -42 -45 -140 -153 -178 -178 -274 -304 -367 
Best case input : 0 7 12 16 19 27 27 30 39 46 48 55 62 67 73 79 79 81 84 85 93 97 98 104 105 110 114 122 127 134 143 146 148 148 151 157 157 162 162 165 
Average case input : 9 59 54 9 52 45 28 89 51 1 16 28 13 81 16 27 14 60 78 7 76 94 32 0 9 59 48 55 38 27 64 51 55 49 30 66 64 59 30 65 
Worst case input : 27 -29 -41 -130 -189 -288 -315 -323 -408 -480 -486 -569 -590 -590 -613 -698 -773 -826 -923 -936 -998 -1096 -1118 -1177 -1206 -1218 -1278 -1374 -1470 -1524 -1611 -1645 -1690 -1693 -1773 -1863 -1947 -2036 -2105 -2178 
Best case input : 0 2 6 15 18 27 35 44 47 53 53 55 62 62 69 78 87 94 102 107 110 115 124 124 127 132 136 139 139 147 156 158 160 162 169 173 178 181 182 184 187 196 203 209 212 219 224 230 236 243 
Average case input : 79 11 19 65 87 55 19 67 17 92 22 59 75 20 33 53 72 63 57 73 82 26 49 90 77 93 76 76 94 52 13 0 56 77 18 41 62 27 99 33 22 98 3 56 76 69 51 63 37 64 
Worst case input : 61 20 -41 -45 -59 -149 -248 -335 -387 -481 -530 -586 -685 -770 -806 -817 -835 -857 -945 -946 -978 -1031 -1106 -1129 -1193 -1213 -1263 -1338 -1387 -1436 -1497 -1591 -1653 -1707 -1799 -1850 -1891 -1912 -1969 -2030 -2129 -2131 -2152 -2229 -2293 -2371 -2396 -2482 -2512 -2513 
Best case input : 4 11 20 20 26 26 28 33 37 39 40 48 53 54 56 59 63 72 80 84 88 93 99 106 108 111 117 126 127 128 130 138 139 143 149 158 166 169 169 177 178 178 183 191 194 201 204 209 213 222 227 233 236 244 246 247 256 264 265 274 
Average case input : 48 0 90 64 83 6 27 50 72 91 89 13 1 19 54 24 29 62 70 35 25 67 58 29 31 47 43 50 77 3 93 99 84 79 41 84 62 4 15 60 31 72 48 63 69 49 35 40 26 40 27 90 73 91 32 50 74 56 1 21 
Worst case input : 230 230 228 142 135 65 48 47 42 18 -40 -53 -123 -151 -193 -202 -287 -382 -459 -476 -533 -540 -568 -643 -647 -724 -777 -850 -948 -949 -1043 -1095 -1143 -1203 -1273 -1340 -1417 -1460 -1501 -1529 -1536 -1578 -1628 -1649 -1726 -1746 -1757 -1844 -1908 -1917 -1931 -2002 -2065 -2076 -2162 -2208 -2251 -2328 -2383 -2462 
Best case input : 4 7 8 8 10 19 24 26 30 30 37 39 46 47 51 57 61 67 74 76 83 92 94 95 101 109 118 118 119 120 125 133 136 138 141 143 150 158 163 168 168 175 180 188 188 191 193 198 204 211 215 223 229 230 231 231 235 236 244 250 255 261 268 275 277 282 282 289 289 292 
Average case input : 49 83 90 19 68 61 90 93 14 36 56 35 55 80 30 47 87 56 45 58 33 59 4 78 80 9 85 50 52 30 72 52 72 26 25 84 60 42 25 23 61 30 76 27 92 72 54 33 59 16 0 14 66 44 80 62 70 25 31 90 71 99 53 33 95 93 66 78 52 45 
Worst case input : 444 404 386 335 326 313 294 219 125 110 107 87 74 70 -26 -112 -119 -208 -293 -341 -365 -378 -434 -485 -568 -607 -689 -750 -831 -924 -946 -967 -973 -1019 -1053 -1139 -1217 -1300 -1329 -1367 -1368 -1441 -1512 -1577 -1669 -1703 -1758 -1844 -1890 -1923 -1973 -2010 -2089 -2132 -2133 -2227 -2254 -2294 -2371 -2416 -2430 -2483 -2535 -2586 -2589 -2620 -2623 -2623 -2706 -2761 
Best case input : 7 11 19 19 20 27 30 30 36 36 40 40 43 44 51 53 61 70 78 87 92 96 100 108 111 111 119 122 127 133 136 137 146 146 151 155 155 162 169 174 177 184 191 199 204 212 212 213 219 227 235 238 243 251 259 265 272 275 275 279 287 294 299 299 306 312 319 327 327 333 335 339 341 348 357 364 366 375 378 380 
Average case input : 10 30 86 88 92 62 69 84 12 1 67 13 52 56 9 88 56 37 38 83 69 51 0 95 82 50 61 64 92 17 42 10 30 84 71 54 30 80 79 96 37 5 6 17 84 64 72 28 44 82 19 17 35 55 19 71 81 97 5 3 86 27 14 87 24 70 5 35 43 3 68 97 47 79 55 0 94 11 18 96 
Worst case input : 135 61 -20 -116 -150 -241 -249 -305 -362 -433 -476 -504 -546 -594 -656 -732 -774 -817 -902 -963 -1032 -1123 -1139 -1183 -1262 -1340 -1413 -1422 -1452 -1456 -1506 -1509 -1586 -1683 -1687 -1694 -1719 -1759 -1847 -1933 -1994 -2028 -2093 -2155 -2175 -2234 -2276 -2367 -2465 -2476 -2514 -2524 -2546 -2589 -2666 -2749 -2815 -2830 -2911 -2983 -3047 -3102 -3151 -3216 -3269 -3326 -3387 -3476 -3531 -3621 -3675 -3768 -3855 -3901 -3991 -4066 -4165 -4242 -4269 -4315 
Best case input : 4 13 17 25 25 25 30 36 45 50 51 52 55 63 72 76 78 84 90 96 97 105 109 114 123 129 132 136 137 139 141 141 141 144 144 152 159 159 161 163 164 171 177 181 183 185 188 193 193 197 197 202 203 208 216 220 222 228 234 242 246 249 258 264 268 272 281 285 288 296 300 306 309 313 320 327 332 334 339 339 344 346 354 354 363 365 374 379 381 382 
Average case input : 82 99 81 2 19 32 66 77 83 38 50 50 43 48 86 93 44 73 60 80 86 24 3 82 48 89 34 90 20 52 32 79 60 48 63 79 89 23 28 63 10 88 35 13 20 61 66 77 97 30 23 4 47 57 25 19 95 0 4 70 5 60 98 8 54 63 80 61 55 37 89 13 91 70 83 29 68 23 95 79 22 13 19 63 73 38 87 63 76 35 
Worst case input : 637 578 577 547 499 429 346 269 175 160 71 57 37 30 -19 -91 -174 -187 -245 -255 -352 -395 -397 -492 -550 -639 -729 -802 -861 -885 -978 -1052 -1102 -1199 -1214 -1302 -1397 -1486 -1581 -1613 -1704 -1711 -1755 -1849 -1880 -1892 -1961 -2059 -2106 -2164 -2202 -2300 -2303 -2343 -2428 -2522 -2556 -2641 -2681 -2681 -2767 -2798 -2810 -2855 -2938 -3033 -3036 -3064 -3151 -3201 -3268 -3298 -3375 -3388 -3435 -3448 -3544 -3632 -3662 -3699 -3738 -3769 -3805 -3868 -3879 -3946 -4021 -4105 -4133 -4133 
Best case input : 5 12 13 18 21 30 33 40 44 46 47 53 61 70 78 84 93 96 102 102 104 107 109 116 117 120 121 128 132 139 142 143 152 156 158 164 165 171 173 173 176 180 183 189 189 196 204 206 207 207 210 210 211 212 213 217 217 217 218 225 226 229 230 237 241 247 256 258 260 263 269 275 279 280 281 285 291 291 300 302 309 309 318 323 325 327 328 337 337 341 348 353 353 358 358 365 374 375 378 378 
Average case input : 98 91 40 80 76 8 14 25 7 32 95 77 55 88 97 6 86 58 96 62 9 30 20 25 25 42 58 36 11 66 94 4 24 10 56 81 68 37 46 70 79 40 90 60 36 78 41 73 93 73 50 78 19 72 99 56 20 6 65 68 3 99 42 53 67 66 64 35 38 47 71 88 26 54 87 6 13 15 3 39 74 15 33 3 88 56 39 20 58 40 29 18 27 67 29 70 91 30 7 37 
Worst case input : 658 568 475 443 418 404 343 305 211 147 63 31 -8 -90 -137 -189 -212 -260 -356 -370 -414 -506 -578 -597 -644 -742 -796 -806 -822 -843 -893 -984 -1057 -1107 -1190 -1232 -1239 -1279 -1289 -1382 -1450 -1538 -1554 -1555 -1614 -1699 -1749 -1767 -1810 -1860 -1918 -1975 -1984 -2038 -2038 -2112 -2188 -2244 -2334 -2356 -2455 -2532 -2606 -2616 -2626 -2669 -2687 -2736 -2741 -2777 -2793 -2871 -2905 -2919 -2993 -3019 -3118 -3170 -3218 -3315 -3330 -3354 -3374 -3468 -3481 -3519 -3558 -3622 -3623 -3625 -3666 -3675 -3691 -3708 -3789 -3867 -3937 -3991 -4001 -4042 
