Best case input : 1 6 9 18 27 29 38 41 45 54 
Average case input : 47 59 77 87 55 5 6 23 25 8 
Worst case input : 51 -3 -37 -98 -133 -140 -182 -247 -325 -356 
Best case input : 7 16 18 27 29 30 37 46 50 56 62 64 65 69 72 75 78 81 90 99 
Average case input : 72 10 61 68 88 97 35 93 38 55 76 43 94 95 56 81 48 16 50 97 
Worst case input : 180 169 121 89 32 -25 -92 -182 -233 -280 -295 -351 -398 -433 -476 -483 -563 -588 -641 -695 
Best case input : 9 12 19 28 36 45 49 49 56 59 67 70 73 80 88 97 101 104 109 110 114 122 130 130 133 133 134 141 150 156 
Average case input : 17 28 86 64 9 41 90 16 91 19 90 36 19 46 48 71 14 23 78 29 42 44 77 79 25 8 87 43 91 56 
Worst case input : 112 102 31 -14 -104 -151 -219 -257 -344 -410 -499 -535 -607 -664 -671 -691 -762 -784 -798 -859 -903 -904 -949 -1033 -1052 -1059 -1133 -1189 -1277 -1344 
Best case input : 1 10 16 19 24 31 31 32 34 34 38 42 47 54 58 67 68 69 78 82 84 93 101 108 116 116 117 125 128 130 136 139 141 146 150 152 159 164 173 173 
Average case input : 76 40 25 91 85 41 85 27 63 43 92 57 12 3 3 58 82 83 38 98 92 71 84 53 80 42 30 40 50 28 45 42 8 10 25 65 99 66 56 39 
Worst case input : 622 591 535 501 407 396 363 307 240 165 162 140 51 -43 -133 -224 -256 -262 -329 -337 -353 -385 -388 -427 -430 -436 -441 -501 -570 -588 -664 -674 -769 -817 -909 -963 -1042 -1078 -1120 -1145 
Best case input : 9 12 17 24 24 31 33 41 47 56 65 67 75 80 83 90 90 95 95 102 109 115 116 125 127 133 142 149 158 167 175 182 188 191 196 198 203 203 208 211 218 224 230 230 235 235 243 249 250 251 
Average case input : 87 59 86 30 58 78 91 9 47 84 90 64 82 61 96 15 91 6 92 51 90 9 82 58 59 66 83 61 44 94 88 28 41 54 40 17 15 64 30 53 20 42 56 63 6 96 25 30 18 47 
Worst case input : 798 740 729 676 609 604 569 487 437 377 373 314 294 207 192 137 39 -18 -103 -155 -242 -327 -406 -413 -418 -458 -522 -564 -621 -649 -702 -703 -714 -766 -794 -825 -830 -875 -890 -980 -1018 -1078 -1093 -1118 -1136 -1186 -1278 -1339 -1428 -1456 
Best case input : 2 6 11 14 18 24 32 38 38 43 45 52 53 58 67 69 69 70 74 74 80 83 90 95 98 100 108 113 120 123 124 127 128 131 137 142 148 154 154 161 164 169 176 181 188 196 204 210 219 221 225 225 229 229 233 242 245 249 252 253 
Average case input : 90 61 78 50 43 14 4 8 42 59 79 5 24 69 56 27 74 64 48 38 92 35 82 54 83 62 21 85 55 97 57 62 70 95 8 29 8 19 72 99 99 42 4 96 4 5 76 16 95 28 53 87 36 10 40 81 63 3 90 37 
Worst case input : 736 672 580 525 519 437 374 283 206 200 190 110 104 5 -58 -92 -124 -125 -173 -209 -249 -306 -349 -442 -478 -538 -622 -711 -750 -778 -851 -861 -929 -953 -959 -967 -1036 -1063 -1109 -1158 -1228 -1300 -1317 -1354 -1409 -1462 -1554 -1588 -1682 -1740 -1790 -1829 -1869 -1940 -1985 -2043 -2076 -2096 -2128 -2182 
Best case input : 3 10 14 16 20 25 26 31 37 40 43 45 49 53 55 58 65 68 77 86 94 100 104 108 113 121 124 129 131 139 145 154 155 158 159 164 167 171 178 181 184 192 197 199 206 211 218 220 228 229 233 241 242 250 253 262 265 274 280 282 288 297 300 308 315 324 326 332 332 334 
Average case input : 10 50 13 73 14 63 86 11 53 10 77 12 79 55 95 17 65 76 53 89 74 5 55 26 49 73 25 3 37 83 28 53 89 13 26 18 1 65 98 55 60 31 44 18 45 58 47 27 3 94 40 17 56 65 58 15 25 65 74 96 6 77 25 66 34 4 91 46 72 22 
Worst case input : 415 383 322 302 302 270 270 252 154 129 72 69 -13 -71 -97 -110 -115 -181 -256 -354 -418 -470 -496 -594 -642 -709 -759 -784 -808 -906 -997 -1032 -1032 -1076 -1090 -1176 -1222 -1227 -1272 -1341 -1384 -1400 -1498 -1505 -1596 -1596 -1605 -1610 -1624 -1708 -1782 -1877 -1953 -1977 -2012 -2096 -2189 -2210 -2256 -2305 -2401 -2413 -2420 -2440 -2529 -2563 -2644 -2685 -2694 -2748 
Best case input : 3 6 15 24 28 29 33 38 43 48 52 54 60 62 65 70 75 75 75 76 80 82 90 99 105 106 107 109 109 114 122 123 131 132 134 138 147 152 153 157 166 169 169 170 175 176 179 182 188 194 200 207 213 219 226 233 234 242 250 257 264 266 271 273 279 286 291 298 307 310 317 325 326 331 337 339 344 351 351 358 
Average case input : 56 98 42 76 19 46 58 17 61 18 21 9 82 59 77 59 83 33 62 5 49 42 81 69 50 36 68 87 53 74 78 88 57 4 17 79 70 38 45 12 4 35 97 9 17 6 39 88 51 72 64 89 97 31 76 86 72 79 39 44 61 0 37 80 9 51 88 14 85 76 67 8 79 75 45 10 85 9 38 57 
Worst case input : 789 780 763 685 665 589 542 474 471 441 378 374 312 298 228 212 201 169 140 95 68 -17 -57 -139 -198 -276 -358 -384 -390 -487 -530 -611 -648 -696 -764 -786 -837 -904 -909 -976 -981 -998 -1009 -1027 -1120 -1150 -1239 -1282 -1361 -1424 -1448 -1461 -1525 -1618 -1696 -1793 -1892 -1958 -2021 -2101 -2101 -2106 -2119 -2160 -2210 -2291 -2297 -2352 -2404 -2405 -2492 -2524 -2552 -2611 -2671 -2753 -2809 -2875 -2876 -2881 
Best case input : 9 15 18 21 23 24 30 37 45 47 54 63 64 69 72 78 82 88 91 96 100 108 109 113 120 128 133 140 145 148 154 162 165 171 174 176 181 182 183 192 200 203 207 209 210 217 217 223 229 233 236 244 250 254 262 263 266 274 277 285 287 293 297 298 305 314 316 319 326 333 341 345 349 351 360 363 367 372 379 382 384 387 394 402 407 410 416 418 424 430 
Average case input : 41 13 13 83 66 47 75 81 56 4 58 48 66 50 38 51 35 96 90 25 90 16 95 39 99 19 84 70 98 68 43 16 96 39 41 70 13 3 69 25 89 57 46 46 1 40 6 2 63 70 37 29 60 12 23 85 22 57 89 39 90 3 22 30 8 3 97 14 69 62 13 51 59 7 2 6 15 34 66 24 24 34 22 47 60 72 81 49 3 76 
Worst case input : 201 175 77 -6 -71 -82 -146 -215 -294 -309 -327 -395 -490 -569 -606 -615 -695 -745 -763 -794 -812 -859 -916 -940 -959 -960 -1041 -1111 -1144 -1202 -1217 -1272 -1352 -1367 -1423 -1444 -1508 -1588 -1644 -1694 -1708 -1789 -1858 -1887 -1979 -2023 -2120 -2151 -2192 -2220 -2263 -2351 -2393 -2410 -2421 -2446 -2487 -2504 -2548 -2560 -2656 -2754 -2791 -2874 -2956 -3052 -3115 -3203 -3294 -3339 -3393 -3489 -3551 -3639 -3721 -3731 -3753 -3796 -3884 -3934 -3976 -4005 -4017 -4076 -4146 -4217 -4258 -4354 -4387 -4408 
Best case input : 6 10 14 19 23 30 33 33 42 45 51 53 62 70 79 86 88 88 89 94 99 106 107 110 119 124 130 131 132 133 140 149 157 159 160 168 171 178 181 187 196 204 206 207 211 218 221 225 227 236 239 247 250 250 254 260 268 274 278 280 288 291 298 299 305 309 314 319 326 327 335 336 340 340 349 351 352 355 357 360 369 375 375 379 384 388 392 393 399 402 407 413 417 426 426 428 433 433 433 434 
Average case input : 44 36 52 63 68 38 36 92 44 91 44 51 44 90 12 19 56 8 82 66 61 87 63 61 29 23 93 77 21 48 6 90 47 49 85 26 9 36 68 52 8 97 6 77 32 11 61 83 87 60 50 1 52 24 40 6 46 86 14 77 21 94 65 4 17 54 94 71 5 95 55 4 5 42 56 33 34 83 72 45 29 21 5 95 35 55 60 23 20 23 44 30 95 95 38 76 49 20 61 76 
Worst case input : 616 601 586 490 472 415 332 251 201 130 53 48 34 -16 -47 -138 -171 -238 -239 -323 -414 -420 -439 -491 -509 -589 -686 -700 -716 -746 -813 -900 -999 -1028 -1071 -1098 -1174 -1232 -1240 -1298 -1365 -1368 -1456 -1535 -1552 -1567 -1643 -1682 -1745 -1813 -1894 -1910 -1948 -1971 -1978 -2040 -2131 -2135 -2165 -2175 -2268 -2277 -2306 -2391 -2452 -2515 -2601 -2652 -2730 -2764 -2809 -2809 -2838 -2899 -2936 -3007 -3057 -3057 -3109 -3130 -3226 -3261 -3267 -3267 -3316 -3319 -3395 -3444 -3450 -3537 -3578 -3657 -3690 -3717 -3743 -3801 -3808 -3848 -3922 -3960 
