Best: 1000 975 950 925 900 875 850 825 800 775 
Avg:  305 836 172 951 825 643 962 244 402 374 
Worst:55 80 105 130 155 180 205 230 255 280 
Best: 367 342 317 292 267 242 217 192 167 142 117 92 67 42 17 -8 -33 -58 -83 -108 
Avg:  642 543 673 999 911 212 358 980 996 658 645 645 968 77 986 767 479 507 216 874 
Worst:66 91 116 141 166 191 216 241 266 291 316 341 366 391 416 441 466 491 516 541 
Best: 663 638 613 588 563 538 513 488 463 438 413 388 363 338 313 288 263 238 213 188 163 138 113 88 63 38 13 -12 -37 -62 
Avg:  404 625 665 688 127 560 799 338 412 429 736 511 763 138 118 685 301 666 762 740 17 842 992 434 582 874 821 654 98 276 
Worst:64 89 114 139 164 189 214 239 264 289 314 339 364 389 414 439 464 489 514 539 564 589 614 639 664 689 714 739 764 789 
Best: 789 764 739 714 689 664 639 614 589 564 539 514 489 464 439 414 389 364 339 314 289 264 239 214 189 164 139 114 89 64 39 14 -11 -36 -61 -86 -111 -136 -161 -186 
Avg:  195 108 471 514 140 536 995 729 338 570 295 510 39 588 717 619 335 964 98 655 793 200 867 997 48 315 40 996 459 513 695 24 546 359 628 393 914 6 599 522 
Worst:34 59 84 109 134 159 184 209 234 259 284 309 334 359 384 409 434 459 484 509 534 559 584 609 634 659 684 709 734 759 784 809 834 859 884 909 934 959 984 1009 
Best: 1046 1021 996 971 946 921 896 871 846 821 796 771 746 721 696 671 646 621 596 571 546 521 496 471 446 421 396 371 346 321 296 271 246 221 196 171 146 121 96 71 46 21 -4 -29 -54 -79 -104 -129 -154 -179 
Avg:  279 924 79 190 686 44 253 386 893 859 871 528 594 117 433 819 214 949 707 321 780 590 345 211 831 196 329 986 611 605 756 220 655 506 657 271 929 746 503 854 882 873 345 658 171 292 63 450 505 297 
Worst:54 79 104 129 154 179 204 229 254 279 304 329 354 379 404 429 454 479 504 529 554 579 604 629 654 679 704 729 754 779 804 829 854 879 904 929 954 979 1004 1029 1054 1079 1104 1129 1154 1179 1204 1229 1254 1279 
Best: 1025 1000 975 950 925 900 875 850 825 800 775 750 725 700 675 650 625 600 575 550 525 500 475 450 425 400 375 350 325 300 275 250 225 200 175 150 125 100 75 50 25 0 -25 -50 -75 -100 -125 -150 -175 -200 -225 -250 -275 -300 -325 -350 -375 -400 -425 -450 
Avg:  206 861 295 367 320 93 465 355 189 385 976 929 471 766 54 720 508 652 348 389 345 47 584 909 761 1 922 215 80 352 248 573 581 523 294 476 415 851 977 178 495 184 222 248 319 890 750 681 417 209 478 962 107 335 460 929 913 476 884 763 
Worst:56 81 106 131 156 181 206 231 256 281 306 331 356 381 406 431 456 481 506 531 556 581 606 631 656 681 706 731 756 781 806 831 856 881 906 931 956 981 1006 1031 1056 1081 1106 1131 1156 1181 1206 1231 1256 1281 1306 1331 1356 1381 1406 1431 1456 1481 1506 1531 
Best: 430 405 380 355 330 305 280 255 230 205 180 155 130 105 80 55 30 5 -20 -45 -70 -95 -120 -145 -170 -195 -220 -245 -270 -295 -320 -345 -370 -395 -420 -445 -470 -495 -520 -545 -570 -595 -620 -645 -670 -695 -720 -745 -770 -795 -820 -845 -870 -895 -920 -945 -970 -995 -1020 -1045 -1070 -1095 -1120 -1145 -1170 -1195 -1220 -1245 -1270 -1295 
Avg:  804 304 50 18 516 826 213 374 187 615 776 305 773 298 872 820 33 553 879 547 163 178 71 751 45 88 645 93 635 149 691 511 311 951 843 697 330 808 889 558 453 313 281 36 263 71 576 638 391 529 975 777 796 288 149 681 219 311 668 748 521 534 392 703 393 298 195 360 920 759 
Worst:96 121 146 171 196 221 246 271 296 321 346 371 396 421 446 471 496 521 546 571 596 621 646 671 696 721 746 771 796 821 846 871 896 921 946 971 996 1021 1046 1071 1096 1121 1146 1171 1196 1221 1246 1271 1296 1321 1346 1371 1396 1421 1446 1471 1496 1521 1546 1571 1596 1621 1646 1671 1696 1721 1746 1771 1796 1821 
Best: 840 815 790 765 740 715 690 665 640 615 590 565 540 515 490 465 440 415 390 365 340 315 290 265 240 215 190 165 140 115 90 65 40 15 -10 -35 -60 -85 -110 -135 -160 -185 -210 -235 -260 -285 -310 -335 -360 -385 -410 -435 -460 -485 -510 -535 -560 -585 -610 -635 -660 -685 -710 -735 -760 -785 -810 -835 -860 -885 -910 -935 -960 -985 -1010 -1035 -1060 -1085 -1110 -1135 
Avg:  104 944 416 578 978 198 962 719 47 592 248 923 889 410 102 572 525 785 87 249 236 789 472 386 410 456 727 327 126 422 764 478 739 205 520 113 23 720 563 574 266 983 938 297 73 376 233 703 548 484 700 389 829 891 661 336 226 561 993 598 140 878 572 541 392 584 86 810 926 316 533 781 513 429 677 587 102 123 390 188 
Worst:76 101 126 151 176 201 226 251 276 301 326 351 376 401 426 451 476 501 526 551 576 601 626 651 676 701 726 751 776 801 826 851 876 901 926 951 976 1001 1026 1051 1076 1101 1126 1151 1176 1201 1226 1251 1276 1301 1326 1351 1376 1401 1426 1451 1476 1501 1526 1551 1576 1601 1626 1651 1676 1701 1726 1751 1776 1801 1826 1851 1876 1901 1926 1951 1976 2001 2026 2051 
Best: 972 947 922 897 872 847 822 797 772 747 722 697 672 647 622 597 572 547 522 497 472 447 422 397 372 347 322 297 272 247 222 197 172 147 122 97 72 47 22 -3 -28 -53 -78 -103 -128 -153 -178 -203 -228 -253 -278 -303 -328 -353 -378 -403 -428 -453 -478 -503 -528 -553 -578 -603 -628 -653 -678 -703 -728 -753 -778 -803 -828 -853 -878 -903 -928 -953 -978 -1003 -1028 -1053 -1078 -1103 -1128 -1153 -1178 -1203 -1228 -1253 
Avg:  469 174 771 991 462 394 672 774 8 621 737 686 705 922 669 824 76 749 798 611 31 211 753 755 330 769 846 227 501 506 297 742 586 61 584 346 227 534 85 743 413 60 886 975 597 515 844 694 609 763 873 796 298 640 693 504 616 963 530 439 735 201 639 838 866 723 442 156 85 30 537 675 846 563 835 585 223 49 227 754 965 130 733 776 117 372 540 245 256 809 
Worst:98 123 148 173 198 223 248 273 298 323 348 373 398 423 448 473 498 523 548 573 598 623 648 673 698 723 748 773 798 823 848 873 898 923 948 973 998 1023 1048 1073 1098 1123 1148 1173 1198 1223 1248 1273 1298 1323 1348 1373 1398 1423 1448 1473 1498 1523 1548 1573 1598 1623 1648 1673 1698 1723 1748 1773 1798 1823 1848 1873 1898 1923 1948 1973 1998 2023 2048 2073 2098 2123 2148 2173 2198 2223 2248 2273 2298 2323 
Best: 252 227 202 177 152 127 102 77 52 27 2 -23 -48 -73 -98 -123 -148 -173 -198 -223 -248 -273 -298 -323 -348 -373 -398 -423 -448 -473 -498 -523 -548 -573 -598 -623 -648 -673 -698 -723 -748 -773 -798 -823 -848 -873 -898 -923 -948 -973 -998 -1023 -1048 -1073 -1098 -1123 -1148 -1173 -1198 -1223 -1248 -1273 -1298 -1323 -1348 -1373 -1398 -1423 -1448 -1473 -1498 -1523 -1548 -1573 -1598 -1623 -1648 -1673 -1698 -1723 -1748 -1773 -1798 -1823 -1848 -1873 -1898 -1923 -1948 -1973 -1998 -2023 -2048 -2073 -2098 -2123 -2148 -2173 -2198 -2223 
Avg:  411 649 161 231 589 46 642 28 707 752 140 35 806 226 256 227 407 549 99 283 425 348 619 326 816 847 469 106 361 627 214 397 322 826 896 18 195 136 64 907 613 406 670 310 18 594 941 21 214 406 243 425 356 591 355 399 571 33 697 702 739 186 29 847 107 772 916 550 821 543 244 680 332 294 711 13 140 425 265 193 91 611 949 741 126 789 652 283 799 802 640 674 358 236 881 118 950 128 957 668 
Worst:61 86 111 136 161 186 211 236 261 286 311 336 361 386 411 436 461 486 511 536 561 586 611 636 661 686 711 736 761 786 811 836 861 886 911 936 961 986 1011 1036 1061 1086 1111 1136 1161 1186 1211 1236 1261 1286 1311 1336 1361 1386 1411 1436 1461 1486 1511 1536 1561 1586 1611 1636 1661 1686 1711 1736 1761 1786 1811 1836 1861 1886 1911 1936 1961 1986 2011 2036 2061 2086 2111 2136 2161 2186 2211 2236 2261 2286 2311 2336 2361 2386 2411 2436 2461 2486 2511 2536 
