72 74 76 78 80 82 84 86 88 90 
97 64 24 51 40 0 57 97 85 21 
24 26 28 30 32 34 36 38 40 42 24 40 32 28 4200134 24 26 12224000 12224000 842333768 
41 43 45 47 49 51 53 55 57 59 61 63 65 67 69 71 73 75 77 79 
73 75 74 83 3 43 21 8 58 60 27 83 3 31 55 67 63 50 31 14 
53 55 57 59 61 63 65 67 69 71 73 75 77 79 81 83 85 87 89 91 53 85 69 61 4199136 53 57 6421768 0 12230456 1996998462 55 1 2 6421868 2 53 4 2 12230216 
22 24 26 28 30 32 34 36 38 40 42 44 46 48 50 52 54 56 58 60 62 64 66 68 70 72 74 76 78 80 
11 52 4 26 89 23 8 34 34 81 37 45 56 6 56 67 45 51 13 14 22 95 80 79 99 98 56 96 42 12 
68 70 72 74 76 78 80 82 84 86 88 90 92 94 96 98 100 102 104 106 108 110 112 114 116 118 120 122 124 126 68 100 84 16 76 12222672 12189696 64 72 1 6421736 0 1 2 4 1 70 6421644 4 2 6 6421660 3 6421784 100 7 6421804 27 6 7 
3 5 7 9 11 13 15 17 19 21 23 25 27 29 31 33 35 37 39 41 43 45 47 49 51 53 55 57 59 61 63 65 67 69 71 73 75 77 79 81 
2 51 20 49 14 31 24 19 66 76 23 25 89 1 75 2 40 32 24 92 86 69 74 76 61 36 46 67 51 86 66 90 40 43 52 31 36 25 13 66 
79 81 83 85 87 89 91 93 95 97 99 101 103 105 107 109 111 113 115 117 119 121 123 125 127 129 131 133 135 137 139 141 143 145 147 149 151 153 155 157 79 143 111 95 6421460 79 87 0 0 16 1983747680 83 1 2 6421596 2 79 6421484 4 1 3 81 21 21 6421824 6421628 30 16 4200485 5 6422096 10 0 10 87 16 10 1 79 79 
35 37 39 41 43 45 47 49 51 53 55 57 59 61 63 65 67 69 71 73 75 77 79 81 83 85 87 89 91 93 95 97 99 101 103 105 107 109 111 113 115 117 119 121 123 125 127 129 131 133 
64 43 13 80 18 32 47 94 15 17 79 14 13 30 48 86 6 5 36 36 72 36 58 21 48 53 69 54 52 65 58 61 70 14 3 67 76 45 25 77 26 30 36 85 24 16 88 82 61 64 
74 76 78 80 82 84 86 88 90 92 94 96 98 100 102 104 106 108 110 112 114 116 118 120 122 124 126 128 130 132 134 136 138 140 142 144 146 148 150 152 154 156 158 160 162 164 166 168 170 172 74 138 106 16 90 0 138 82 6421308 6421420 74 1 12196960 78 14 6421420 2 6421564 6421440 6421420 0 6421436 6421532 5 5 4200485 76 25 32 138 38 138 32 12 12195224 32 26 2 25 7 3 4199136 4200311 3 4 12 6421584 6421564 6421420 6421532 
11 13 15 17 19 21 23 25 27 29 31 33 35 37 39 41 43 45 47 49 51 53 55 57 59 61 63 65 67 69 71 73 75 77 79 81 83 85 87 89 91 93 95 97 99 101 103 105 107 109 111 113 115 117 119 121 123 125 127 129 
40 66 79 3 40 15 36 77 19 77 79 86 75 75 48 95 5 64 95 17 45 59 98 82 2 80 6 86 13 25 91 98 60 1 52 43 5 41 99 34 56 66 72 3 89 14 40 43 25 18 33 43 8 84 48 14 36 4 78 58 
48 50 52 54 56 58 60 62 64 66 68 70 72 74 76 78 80 82 84 86 88 90 92 94 96 98 100 102 104 106 108 110 112 114 116 118 120 122 124 126 128 130 132 134 136 138 140 142 144 146 148 150 152 154 156 158 160 162 164 166 48 112 80 16 64 6421376 1997928432 2116013698 56 1 6421400 4096 0 2 0 1 52 6421308 4 2 6 6421324 3 6421448 112 7 6421468 27 6 7 6421468 50 50 66 6421468 48 4200248 4200485 66 4200485 6421356 48 6421356 48 3 48 48 3 64 3 16 4 6 4 6422168 60 7 6421484 16 54 
88 90 92 94 96 98 100 102 104 106 108 110 112 114 116 118 120 122 124 126 128 130 132 134 136 138 140 142 144 146 148 150 152 154 156 158 160 162 164 166 168 170 172 174 176 178 180 182 184 186 188 190 192 194 196 198 200 202 204 206 208 210 212 214 216 218 220 222 224 226 
51 65 54 8 48 13 73 3 95 42 38 0 32 35 74 39 78 68 24 4 6 78 68 40 43 39 19 41 39 80 4 1 89 93 40 50 96 88 85 60 31 28 4 14 37 62 40 78 38 72 55 88 3 42 59 80 79 23 39 79 82 34 31 3 18 4 73 94 16 64 
70 72 74 76 78 80 82 84 86 88 90 92 94 96 98 100 102 104 106 108 110 112 114 116 118 120 122 124 126 128 130 132 134 136 138 140 142 144 146 148 150 152 154 156 158 160 162 164 166 168 170 172 174 176 178 180 182 184 186 188 190 192 194 196 198 200 202 204 206 208 70 198 134 102 70 86 6421248 1997928432 8200 78 6421036 6421148 1 1 1983284000 2 1997928432 2 74 6421224 6421368 4 6421296 8 8 4 23 0 0 4200311 0 26 6421388 0 6421388 0 72 1 6421340 1983504974 200 6421148 1 108 1997674688 6421804 6421296 6421276 1 3 86 4 1983504974 5 198 6421804 6421544 0 6421472 1983504974 6422168 64 54 6422168 84 9 70 72 4200311 8 
30 32 34 36 38 40 42 44 46 48 50 52 54 56 58 60 62 64 66 68 70 72 74 76 78 80 82 84 86 88 90 92 94 96 98 100 102 104 106 108 110 112 114 116 118 120 122 124 126 128 130 132 134 136 138 140 142 144 146 148 150 152 154 156 158 160 162 164 166 168 170 172 174 176 178 180 182 184 186 188 
28 32 96 49 92 97 13 10 2 70 36 6 75 16 66 13 59 46 88 10 91 95 28 20 90 69 1 49 51 5 34 75 73 6 17 17 24 79 0 41 23 51 16 0 59 7 54 29 31 31 51 61 5 32 46 62 64 1 7 19 1 32 3 83 35 79 39 62 22 40 92 53 68 85 48 44 18 51 73 76 
12 14 16 18 20 22 24 26 28 30 32 34 36 38 40 42 44 46 48 50 52 54 56 58 60 62 64 66 68 70 72 74 76 78 80 82 84 86 88 90 92 94 96 98 100 102 104 106 108 110 112 114 116 118 120 122 124 126 128 130 132 134 136 138 140 142 144 146 148 150 152 154 156 158 160 162 164 166 168 170 12 140 76 44 1 12 28 0 405 12319216 67108868 20 1 2 6421164 2 12 65880 12189696 0 3 16 21 21 6421392 6421196 30 16 4200485 5 6421664 0 2047 0 28 12319216 10 1 12 12 12319216 14 43 244 46 0 12189696 6421288 4 4199136 6421196 41 6421164 5 6421460 5 6421164 65792 6421308 6421196 4200485 10 6421164 41 70 4200485 6421288 0 46 9 38 6422096 6421164 10 10 4199136 0 5 6421288 6421484 
46 48 50 52 54 56 58 60 62 64 66 68 70 72 74 76 78 80 82 84 86 88 90 92 94 96 98 100 102 104 106 108 110 112 114 116 118 120 122 124 126 128 130 132 134 136 138 140 142 144 146 148 150 152 154 156 158 160 162 164 166 168 170 172 174 176 178 180 182 184 186 188 190 192 194 196 198 200 202 204 206 208 210 212 214 216 218 220 222 224 
50 98 24 76 83 58 72 94 77 52 59 64 15 96 85 90 30 68 61 9 95 22 70 87 78 87 5 49 53 88 62 3 2 55 69 87 18 60 23 15 90 59 41 77 92 73 4 60 26 87 42 44 64 10 8 49 87 41 0 92 73 83 80 95 28 1 52 86 83 71 97 13 26 94 50 47 73 57 12 52 95 74 56 96 3 28 68 76 56 62 
34 36 38 40 42 44 46 48 50 52 54 56 58 60 62 64 66 68 70 72 74 76 78 80 82 84 86 88 90 92 94 96 98 100 102 104 106 108 110 112 114 116 118 120 122 124 126 128 130 132 134 136 138 140 142 144 146 148 150 152 154 156 158 160 162 164 166 168 170 172 174 176 178 180 182 184 186 188 190 192 194 196 198 200 202 204 206 208 210 212 34 162 98 66 1997010463 34 50 12189705 430 0 6420908 12214248 42 2 3 4 2 3 162 6421096 6421240 0 6421168 38 4200457 11 4200457 16 28 11 4200485 1032 6421360 12334351 23 34 6421004 2 2 2 42 11 43 1997928432 42 1996972984 36 6421240 5 148 46 6421148 0 11 0 116 2 6 48 0 68 6421416 80 58 0 58 88 6421400 80 6 6421148 124 69 4 116 68 5 4 4200485 12214248 44 6421260 4200485 3 4200485 4 0 90 6421416 2 
68 70 72 74 76 78 80 82 84 86 88 90 92 94 96 98 100 102 104 106 108 110 112 114 116 118 120 122 124 126 128 130 132 134 136 138 140 142 144 146 148 150 152 154 156 158 160 162 164 166 168 170 172 174 176 178 180 182 184 186 188 190 192 194 196 198 200 202 204 206 208 210 212 214 216 218 220 222 224 226 228 230 232 234 236 238 240 242 244 246 248 250 252 254 256 258 260 262 264 266 
29 35 43 57 42 79 44 87 54 49 17 83 65 75 51 43 41 49 68 6 37 22 84 10 32 43 6 83 96 38 36 26 96 34 31 69 30 99 38 37 91 68 44 61 20 27 0 93 2 69 77 10 16 27 34 96 51 76 91 30 18 92 85 77 72 92 31 91 71 39 85 69 6 25 81 63 65 10 4 23 71 21 78 97 64 53 33 21 13 31 95 21 32 21 90 25 96 11 7 28 
13 15 17 19 21 23 25 27 29 31 33 35 37 39 41 43 45 47 49 51 53 55 57 59 61 63 65 67 69 71 73 75 77 79 81 83 85 87 89 91 93 95 97 99 101 103 105 107 109 111 113 115 117 119 121 123 125 127 129 131 133 135 137 139 141 143 145 147 149 151 153 155 157 159 161 163 165 167 169 171 173 175 177 179 181 183 185 187 189 191 193 195 197 199 201 203 205 207 209 211 13 141 77 16 45 1 141 29 6420812 6420924 13 1 949 21 14 6420924 2 6421068 6420944 6420924 1997002562 6420940 6421036 5 5 4200485 17 25 32 141 38 141 32 12 1997043954 32 26 2 25 0 3 1 4200311 3 12189705 12 6421088 6421068 6420924 6421036 5 15 4200457 6 6421088 143 32 6 32 0 63 127 6 51 31 111 71 11 1 63 17 12362256 119 32 6421068 111 13 5 6421376 12362256 6421388 7 6421376 31 4200457 32 4200485 88 32 19 35 1997207008 1997002562 59 6422476 127 83 6421180 2 107 
