Iteration-1
0 10 20 30 40 50 60 70 80 90 
Best case sorted order=0 10 20 30 40 50 60 70 80 90 
29 90 80 61 85 85 86 20 4 37 
Average case sorted order=4 20 29 37 61 80 85 85 86 90 
12 49 32 20 47 14 56 40 29 49 
Worst case sorted order=12 14 20 29 32 40 47 49 49 56 
Iteration-2
0 10 20 30 40 50 60 70 80 90 100 110 120 130 140 150 160 170 180 190 
Best case sorted order=0 10 20 30 40 50 60 70 80 90 100 110 120 130 140 150 160 170 180 190 
56 96 50 74 27 57 97 44 36 10 32 97 94 61 49 75 96 39 46 38 
Average case sorted order=10 27 32 36 38 39 44 46 49 50 56 57 61 74 75 94 96 96 97 97 
60 133 87 72 108 67 148 96 83 118 66 141 92 79 116 72 152 104 86 125 
Worst case sorted order=60 66 67 72 72 79 83 86 87 92 96 104 108 116 118 125 133 141 148 152 
Iteration-3
9 19 29 39 49 59 69 79 89 99 109 119 129 139 149 159 169 179 189 199 209 219 229 239 249 259 269 279 289 299 
Best case sorted order=9 19 29 39 49 59 69 79 89 99 109 119 129 139 149 159 169 179 189 199 209 219 229 239 249 259 269 279 289 299 
55 31 0 53 32 11 27 82 80 55 97 72 12 57 85 98 41 75 14 35 8 34 74 95 99 26 80 82 83 85 
Average case sorted order=0 8 11 12 14 26 27 31 32 34 35 41 53 55 55 57 72 74 75 80 80 82 82 83 85 85 95 97 98 99 
84 155 125 182 104 171 140 206 92 161 134 194 120 178 148 84 156 134 187 113 173 144 211 96 166 138 198 120 179 150 
Worst case sorted order=84 84 92 96 104 113 120 120 125 134 134 138 140 144 148 150 155 156 161 166 171 173 178 179 182 187 194 198 206 211 
Iteration-4
6 16 26 36 46 56 66 76 86 96 106 116 126 136 146 156 166 176 186 196 206 216 226 236 246 256 266 276 286 296 306 316 326 336 346 356 366 376 386 396 
Best case sorted order=6 16 26 36 46 56 66 76 86 96 106 116 126 136 146 156 166 176 186 196 206 216 226 236 246 256 266 276 286 296 306 316 326 336 346 356 366 376 386 396 
65 65 54 61 41 81 49 0 3 22 97 2 45 3 17 24 86 69 89 14 11 75 0 85 82 34 32 3 56 88 1 1 69 30 21 85 46 97 62 17 
Average case sorted order=0 0 1 1 2 3 3 3 11 14 17 17 21 22 24 30 32 34 41 45 46 49 54 56 61 62 65 65 69 69 75 81 82 85 85 86 88 89 97 97 
62 196 137 106 160 84 217 141 124 177 78 204 138 113 168 95 231 154 128 187 70 204 137 113 168 90 224 145 124 178 80 211 141 120 176 101 237 154 134 195 
Worst case sorted order=62 70 78 80 84 90 95 101 106 113 113 120 124 124 128 134 137 137 138 141 141 145 154 154 160 168 168 176 177 178 187 195 196 204 204 211 217 224 231 237 
Iteration-5
8 18 28 38 48 58 68 78 88 98 108 118 128 138 148 158 168 178 188 198 208 218 228 238 248 258 268 278 288 298 308 318 328 338 348 358 368 378 388 398 408 418 428 438 448 458 468 478 488 498 
Best case sorted order=8 18 28 38 48 58 68 78 88 98 108 118 128 138 148 158 168 178 188 198 208 218 228 238 248 258 268 278 288 298 308 318 328 338 348 358 368 378 388 398 408 418 428 438 448 458 468 478 488 498 
90 97 98 70 98 19 97 69 45 74 86 35 51 30 79 4 50 5 25 64 80 74 82 97 45 56 5 57 44 49 92 10 48 83 74 45 38 29 18 0 10 49 41 26 82 89 40 11 93 75 
Average case sorted order=0 4 5 5 10 10 11 18 19 25 26 29 30 35 38 40 41 44 45 45 45 48 49 49 50 51 56 57 64 69 70 74 74 74 75 79 80 82 82 83 86 89 90 92 93 97 97 97 98 98 
64 202 131 249 103 225 163 86 209 141 115 238 184 72 207 132 106 227 171 96 217 148 125 245 193 71 202 132 252 106 226 165 92 217 141 117 238 186 77 209 135 115 234 179 99 219 157 126 248 198 
Worst case sorted order=64 71 72 77 86 92 96 99 103 106 106 115 115 117 125 126 131 132 132 135 141 141 148 157 163 165 171 179 184 186 193 198 202 202 207 209 209 217 217 219 225 226 227 234 238 238 245 248 249 252 
Iteration-6
5 15 25 35 45 55 65 75 85 95 105 115 125 135 145 155 165 175 185 195 205 215 225 235 245 255 265 275 285 295 305 315 325 335 345 355 365 375 385 395 405 415 425 435 445 455 465 475 485 495 505 515 525 535 545 555 565 575 585 595 
Best case sorted order=5 15 25 35 45 55 65 75 85 95 105 115 125 135 145 155 165 175 185 195 205 215 225 235 245 255 265 275 285 295 305 315 325 335 345 355 365 375 385 395 405 415 425 435 445 455 465 475 485 495 505 515 525 535 545 555 565 575 585 595 
68 23 14 88 89 75 13 78 14 38 61 37 21 18 64 88 57 54 64 51 59 95 46 97 58 96 76 52 21 52 34 72 84 31 6 84 77 30 61 63 72 51 31 69 54 17 42 28 34 11 50 70 12 35 4 4 78 9 53 48 
Average case sorted order=4 4 6 9 11 12 13 14 14 17 18 21 21 23 28 30 31 31 34 34 35 37 38 42 46 48 50 51 51 52 52 53 54 54 57 58 59 61 61 63 64 64 68 69 70 72 72 75 76 77 78 78 84 84 88 88 89 95 96 97 
8 171 96 215 40 196 137 261 24 185 119 234 66 207 154 12 176 108 226 56 203 144 270 36 195 130 250 81 211 167 12 173 102 218 47 201 139 265 28 193 124 243 75 207 159 16 180 112 234 62 204 151 275 38 195 131 255 89 211 168 
Worst case sorted order=8 12 12 16 24 28 36 38 40 47 56 62 66 75 81 89 96 102 108 112 119 124 130 131 137 139 144 151 154 159 167 168 171 173 176 180 185 193 195 195 196 201 203 204 207 207 211 211 215 218 226 234 234 243 250 255 261 265 270 275 
Iteration-7
0 10 20 30 40 50 60 70 80 90 100 110 120 130 140 150 160 170 180 190 200 210 220 230 240 250 260 270 280 290 300 310 320 330 340 350 360 370 380 390 400 410 420 430 440 450 460 470 480 490 500 510 520 530 540 550 560 570 580 590 600 610 620 630 640 650 660 670 680 690 
Best case sorted order=0 10 20 30 40 50 60 70 80 90 100 110 120 130 140 150 160 170 180 190 200 210 220 230 240 250 260 270 280 290 300 310 320 330 340 350 360 370 380 390 400 410 420 430 440 450 460 470 480 490 500 510 520 530 540 550 560 570 580 590 600 610 620 630 640 650 660 670 680 690 
17 84 90 17 52 83 35 29 78 73 54 36 88 57 49 71 44 14 82 26 11 31 87 33 56 26 54 86 58 60 59 58 98 37 15 6 91 99 70 59 58 72 53 61 39 87 0 83 65 76 85 80 82 89 62 87 46 27 31 53 46 61 32 51 10 81 70 38 92 93 
Average case sorted order=0 6 10 11 14 15 17 17 26 26 27 29 31 31 32 33 35 36 37 38 39 44 46 46 49 51 52 53 53 54 54 56 57 58 58 58 59 59 60 61 61 62 65 70 70 71 72 73 76 78 80 81 82 82 83 83 84 85 86 87 87 87 88 89 90 91 92 93 98 99 
99 344 231 162 290 128 254 204 310 109 365 243 186 297 142 268 215 328 102 350 242 179 294 133 262 213 318 114 248 199 301 152 277 219 339 101 349 237 171 294 132 258 208 312 114 369 246 190 297 146 272 218 331 109 358 242 183 297 137 265 215 324 123 248 204 301 154 284 222 343 
Worst case sorted order=99 101 102 109 109 114 114 123 128 132 133 137 142 146 152 154 162 171 179 183 186 190 199 204 204 208 213 215 215 218 219 222 231 237 242 242 243 246 248 248 254 258 262 265 268 272 277 284 290 294 294 297 297 297 301 301 310 312 318 324 328 331 339 343 344 349 350 358 365 369 
Iteration-8
9 19 29 39 49 59 69 79 89 99 109 119 129 139 149 159 169 179 189 199 209 219 229 239 249 259 269 279 289 299 309 319 329 339 349 359 369 379 389 399 409 419 429 439 449 459 469 479 489 499 509 519 529 539 549 559 569 579 589 599 609 619 629 639 649 659 669 679 689 699 709 719 729 739 749 759 769 779 789 799 
Best case sorted order=9 19 29 39 49 59 69 79 89 99 109 119 129 139 149 159 169 179 189 199 209 219 229 239 249 259 269 279 289 299 309 319 329 339 349 359 369 379 389 399 409 419 429 439 449 459 469 479 489 499 509 519 529 539 549 559 569 579 589 599 609 619 629 639 649 659 669 679 689 699 709 719 729 739 749 759 769 779 789 799 
5 68 66 22 88 5 27 53 44 15 42 84 57 99 87 33 26 86 11 57 31 91 56 71 66 94 38 25 23 42 79 49 31 82 10 52 78 6 18 76 73 48 29 66 54 26 99 46 43 45 81 93 71 88 10 60 10 61 88 31 83 78 98 69 16 80 1 66 79 68 64 88 43 51 8 46 16 20 87 38 
Average case sorted order=1 5 5 6 8 10 10 10 11 15 16 16 18 20 22 23 25 26 26 27 29 31 31 31 33 38 38 42 42 43 43 44 45 46 46 48 49 51 52 53 54 56 57 57 60 61 64 66 66 66 66 68 68 69 71 71 73 76 78 78 79 79 80 81 82 83 84 86 87 87 88 88 88 88 91 93 94 98 99 99 
18 284 125 78 215 49 315 174 104 240 30 299 153 92 223 53 327 191 113 260 26 291 142 85 223 52 324 186 109 247 40 304 162 99 233 65 335 200 120 269 25 284 134 81 216 50 321 183 109 243 35 299 155 92 230 56 328 199 116 262 28 293 149 85 223 52 326 186 113 256 49 310 166 100 235 74 343 208 121 275 
Worst case sorted order=18 25 26 28 30 35 40 49 49 50 52 52 53 56 65 74 78 81 85 85 92 92 99 100 104 109 109 113 113 116 120 121 125 134 142 149 153 155 162 166 174 183 186 186 191 199 200 208 215 216 223 223 223 230 233 235 240 243 247 256 260 262 269 275 284 284 291 293 299 299 304 310 315 321 324 326 327 328 335 343 
Iteration-9
8 18 28 38 48 58 68 78 88 98 108 118 128 138 148 158 168 178 188 198 208 218 228 238 248 258 268 278 288 298 308 318 328 338 348 358 368 378 388 398 408 418 428 438 448 458 468 478 488 498 508 518 528 538 548 558 568 578 588 598 608 618 628 638 648 658 668 678 688 698 708 718 728 738 748 758 768 778 788 798 808 818 828 838 848 858 868 878 888 898 
Best case sorted order=8 18 28 38 48 58 68 78 88 98 108 118 128 138 148 158 168 178 188 198 208 218 228 238 248 258 268 278 288 298 308 318 328 338 348 358 368 378 388 398 408 418 428 438 448 458 468 478 488 498 508 518 528 538 548 558 568 578 588 598 608 618 628 638 648 658 668 678 688 698 708 718 728 738 748 758 768 778 788 798 808 818 828 838 848 858 868 878 888 898 
61 99 8 76 45 74 23 26 56 57 87 53 78 38 7 65 63 81 57 29 79 26 97 77 99 66 0 66 71 17 56 61 5 67 94 80 13 37 19 71 73 5 19 3 82 56 67 92 44 98 30 8 46 35 55 5 58 49 89 75 36 46 86 88 76 67 60 36 9 42 33 29 63 56 42 62 9 37 94 1 56 48 12 67 30 66 86 63 74 27 
Average case sorted order=0 1 3 5 5 5 7 8 8 9 9 12 13 17 19 19 23 26 26 27 29 29 30 30 33 35 36 36 37 37 38 42 42 44 45 46 46 48 49 53 55 56 56 56 56 56 57 57 58 60 61 61 62 63 63 63 65 66 66 66 67 67 67 67 71 71 73 74 74 75 76 76 77 78 79 80 81 82 86 86 87 88 89 92 94 94 97 98 99 99 
83 401 256 167 470 333 131 432 280 212 505 372 110 418 263 192 488 350 149 455 297 241 391 99 406 257 180 479 345 141 447 292 224 387 115 419 270 201 492 363 158 463 315 248 392 92 403 256 174 478 341 139 441 286 220 511 380 114 418 267 196 489 355 151 463 306 248 391 106 414 263 186 488 349 148 449 294 233 390 123 423 273 209 499 364 163 465 324 256 393 
Worst case sorted order=83 92 99 106 110 114 115 123 131 139 141 148 149 151 158 163 167 174 180 186 192 196 201 209 212 220 224 233 241 248 248 256 256 256 257 263 263 267 270 273 280 286 292 294 297 306 315 324 333 341 345 349 350 355 363 364 372 380 387 390 391 391 392 393 401 403 406 414 418 418 419 423 432 441 447 449 455 463 463 465 470 478 479 488 488 489 492 499 505 511 
Iteration-10
1 11 21 31 41 51 61 71 81 91 101 111 121 131 141 151 161 171 181 191 201 211 221 231 241 251 261 271 281 291 301 311 321 331 341 351 361 371 381 391 401 411 421 431 441 451 461 471 481 491 501 511 521 531 541 551 561 571 581 591 601 611 621 631 641 651 661 671 681 691 701 711 721 731 741 751 761 771 781 791 801 811 821 831 841 851 861 871 881 891 901 911 921 931 941 951 961 971 981 991 
Best case sorted order=1 11 21 31 41 51 61 71 81 91 101 111 121 131 141 151 161 171 181 191 201 211 221 231 241 251 261 271 281 291 301 311 321 331 341 351 361 371 381 391 401 411 421 431 441 451 461 471 481 491 501 511 521 531 541 551 561 571 581 591 601 611 621 631 641 651 661 671 681 691 701 711 721 731 741 751 761 771 781 791 801 811 821 831 841 851 861 871 881 891 901 911 921 931 941 951 961 971 981 991 
5 49 8 8 5 23 27 88 24 7 60 25 4 37 87 65 9 81 25 48 58 48 1 26 92 57 87 43 27 65 33 31 90 73 33 78 80 70 49 21 10 1 5 98 31 0 90 48 73 60 7 15 42 85 1 82 43 23 47 73 48 23 59 49 0 49 94 38 19 46 33 41 69 85 25 11 40 18 36 76 84 60 34 78 10 20 71 28 3 68 65 87 34 12 12 56 73 34 92 52 
Average case sorted order=0 0 1 1 1 3 4 5 5 5 7 7 8 8 9 10 10 11 12 12 15 18 19 20 21 23 23 23 24 25 25 25 26 27 27 28 31 31 33 33 33 34 34 34 36 37 38 40 41 42 43 43 46 47 48 48 48 48 49 49 49 49 52 56 57 58 59 60 60 60 65 65 65 68 69 70 71 73 73 73 73 76 78 78 80 81 82 84 85 85 87 87 87 88 90 90 92 92 94 98 
48 334 194 465 115 404 272 75 372 238 153 437 299 65 352 223 139 418 283 92 392 250 174 448 317 54 344 211 477 127 410 278 91 376 246 167 443 309 68 358 227 147 424 292 99 400 261 179 457 324 53 341 202 473 120 410 277 82 372 238 161 438 300 66 352 223 146 419 291 97 398 259 179 453 317 58 350 220 478 134 418 280 91 385 247 171 444 311 71 364 231 153 430 294 107 403 268 188 459 330 
Worst case sorted order=48 53 54 58 65 66 68 71 75 82 91 91 92 97 99 107 115 120 127 134 139 146 147 153 153 161 167 171 174 179 179 188 194 202 211 220 223 223 227 231 238 238 246 247 250 259 261 268 272 277 278 280 283 291 292 294 299 300 309 311 317 317 324 330 334 341 344 350 352 352 358 364 372 372 376 385 392 398 400 403 404 410 410 418 418 419 424 430 437 438 443 444 448 453 457 459 465 473 477 478 
