34
97
39
86
85
20
96
52
66
42
85
55
27
98
47
42
33
25
85
15
88
40
39
10
70
40
80
78
61
68
73
21
82
67
77
66
29
11
45
18
59
61
28
61
81
17
66
71
80
69
61
75
54
70
17
53
53
80
80
17
29
52
63
70
15
28
55
66
77
88
96
65
36
28
25
66
69
97
75
63
80
43
27
42
43
55
85
12
79
58
64
97
72
69
70
56
74
79
76
43
21
76
84
22
34
20
38
14
65
85
64
38
36
10
78
87
55
77
39
21
35
96
97
20
38
38
73
33
47
57
45
27
10
98
63
33
82
60
22
62
51
47
25
56
54
69
21
58
91
26
59
53
83
12
13
44
31
90
45
71
55
47
24
56
63
47
10
90
92
97
86
44
81
90
10
29
17
80
16
35
42
55
90
38
81
89
19
99
67
31
46
18
40
44
91
36
48
16
68
57
71
50
62
84
19
78
55
97
87
99
36
12
70
56
99
13
88
25
38
89
33
47
19
17
12
96
23
85
45
65
99
72
19
26
53
96
85
90
33
49
44
60
28
35
45
44
15
68
34
13
64
82
16
10
97
60
64
92
37
83
73
91
35
55
86
86
38
96
21
50
53
87
37
19
22
45
38
12
35
85
45
78
50
58
30
90
70
94
87
56
95
41
21
39
14
91
39
87
57
40
54
65
45
73
53
26
81
20
29
33
66
22
35
25
72
98
56
68
78
20
91
47
66
26
84
90
73
75
24
79
18
92
40
92
16
85
63
13
44
22
53
87
42
84
48
84
94
55
47
57
73
34
91
74
61
73
86
85
78
74
45
55
53
88
95
61
79
48
17
92
77
46
86
77
37
34
89
41
98
90
31
17
45
11
18
32
16
26
71
93
33
73
29
85
93
54
52
29
52
81
97
94
78
88
87
17
62
11
66
86
56
20
98
15
36
65
38
29
69
63
95
76
13
31
57
29
54
39
97
70
52
57
94
31
48
28
16
38
83
35
44
93
19
42
66
57
15
28
44
24
53
11
23
94
94
17
16
29
26
55
24
52
67
97
98
84
39
23
79
49
98
41
12
46
22
57
95
12
13
71
95
20
88
19
50
67
44
26
44
91
92
45
12
31
86
45
58
70
15
13
25
86
28
20
10
47
97
68
71
59
62
29
67
37
68
73
99
37
16
23
21
69
38
90
10
21
79
64
23
51
23
57
51
17
49
73
87
70
70
28
42
38
82
36
79
61
84
27
94
94
91
93
27
61
89
13
84
26
44
13
89
57
96
19
85
34
15
61
11
59
28
94
89
47
44
37
52
68
82
72
83
93
66
99
60
64
84
12
35
59
97
80
69
55
77
97
13
55
53
93
60
94
69
14
21
38
33
41
65
21
92
25
26
50
69
60
99
99
22
19
79
17
51
36
46
73
73
42
41
46
49
79
28
70
39
83
81
51
32
98
36
61
86
98
33
13
10
93
18
43
50
89
97
66
70
59
75
43
20
72
90
54
91
11
62
34
76
94
39
64
46
90
86
16
87
32
91
50
81
50
17
57
58
66
19
58
21
67
47
78
50
62
19
42
49
43
39
42
22
33
66
31
39
48
86
86
68
93
27
25
77
35
41
17
86
42
62
38
53
53
86
85
57
56
96
40
76
49
60
68
95
32
83
64
81
16
28
85
40
83
85
42
72
60
80
46
88
29
52
45
70
89
83
63
57
56
66
87
96
73
94
47
13
48
59
15
28
86
50
79
30
59
67
44
23
12
63
85
78
16
88
83
40
48
34
83
32
85
70
98
72
66
40
84
58
23
81
72
14
11
30
64
26
83
10
37
71
64
49
68
91
71
56
71
30
66
73
21
62
60
27
71
93
37
17
