28
58
35
52
46
98
52
72
79
20
78
47
94
58
28
25
33
35
33
93
34
92
69
37
92
55
44
88
92
39
55
81
76
59
18
81
51
46
99
58
82
78
23
76
83
98
79
65
25
40
70
50
47
76
58
51
41
21
21
64
90
39
85
63
51
95
19
51
51
65
32
71
19
95
47
92
10
57
67
51
84
51
59
97
21
18
38
64
27
13
37
30
95
86
70
72
78
50
75
16
23
86
14
45
92
47
66
97
61
90
65
97
19
22
45
29
54
12
90
44
80
68
82
85
63
45
76
70
17
25
56
23
39
96
33
28
35
29
74
28
60
33
49
98
86
21
55
10
90
87
85
65
74
55
69
91
26
67
76
36
38
87
75
98
71
12
50
43
95
78
47
47
82
99
70
70
49
89
27
72
43
54
87
53
34
87
37
48
10
85
20
18
71
37
58
99
72
54
28
19
70
79
41
58
97
95
95
46
54
92
47
99
74
18
51
65
65
20
62
62
26
41
63
68
11
92
96
10
70
41
91
46
14
55
10
25
77
40
60
30
32
31
30
89
94
30
90
14
76
25
71
17
89
32
24
12
98
40
98
47
94
74
90
35
64
49
78
14
53
71
74
46
94
37
53
88
57
83
36
16
63
35
25
99
85
68
25
80
42
66
32
78
64
40
25
40
76
54
89
62
69
21
64
57
70
81
97
84
33
18
93
48
12
93
14
68
98
38
75
72
70
35
54
97
70
18
85
53
68
10
55
18
45
87
32
59
42
84
26
82
46
85
70
26
70
20
50
93
91
36
66
13
30
20
43
61
11
37
81
20
47
58
75
76
86
56
46
87
82
94
76
42
39
11
48
98
17
33
45
86
24
83
75
27
37
36
25
26
41
88
95
71
20
34
38
91
12
45
86
47
87
16
89
58
41
25
82
56
77
21
65
11
19
88
75
31
19
44
24
14
46
80
72
52
57
52
19
17
70
82
36
22
87
49
85
64
35
12
41
14
83
73
90
40
15
42
21
60
62
45
68
55
61
64
76
75
46
13
78
60
54
64
18
62
56
60
80
30
34
81
77
41
69
48
74
21
34
12
49
76
73
60
52
63
43
26
54
42
37
10
71
82
34
14
74
77
11
69
64
60
19
95
20
19
18
38
59
92
68
66
99
89
22
60
84
50
91
75
21
56
86
21
35
59
37
77
44
83
63
96
33
90
43
59
81
97
36
58
83
91
20
59
89
59
64
61
29
76
41
86
27
56
16
92
39
57
47
32
63
86
94
68
36
39
25
69
19
15
59
70
71
14
34
50
70
62
45
13
76
63
92
79
35
11
93
29
97
40
22
33
62
69
41
81
14
84
38
61
66
17
53
65
67
37
84
17
42
40
34
88
99
78
85
99
69
67
59
89
65
91
90
74
86
48
14
91
77
88
38
38
17
29
71
86
19
63
54
25
62
65
96
16
40
88
78
46
45
14
73
39
83
86
43
66
11
11
94
45
15
49
69
49
51
61
79
88
77
72
79
72
36
75
41
19
53
60
70
43
95
94
80
98
49
38
62
15
31
34
86
63
19
80
16
46
69
38
44
98
67
46
21
70
70
18
68
37
65
32
30
42
28
69
29
24
69
66
74
80
94
93
57
78
15
79
98
55
59
34
16
47
31
34
89
85
44
65
56
73
42
48
33
62
45
78
97
87
39
83
83
61
90
46
36
95
79
24
80
95
68
27
40
27
39
98
34
83
39
55
92
42
65
28
19
30
14
28
47
22
31
86
81
13
31
41
93
14
37
63
53
77
68
79
30
28
17
86
27
34
13
50
25
29
64
77
47
38
28
39
42
90
88
60
29
63
68
87
45
14
29
79
62
94
72
57
15
