22
39
50
40
40
67
93
89
10
75
33
84
36
20
85
40
81
50
81
73
96
80
29
86
10
80
66
95
33
77
30
34
83
14
13
87
11
25
72
69
27
80
73
11
95
53
88
51
56
37
77
79
46
33
41
19
93
86
68
60
32
84
19
86
73
37
30
76
53
65
70
35
53
13
55
24
27
20
97
23
16
77
53
55
42
20
21
59
22
59
37
13
60
61
30
48
29
48
12
32
67
47
27
53
97
48
77
21
98
49
81
81
22
55
30
92
71
71
28
35
42
15
98
93
92
65
92
45
87
32
19
40
37
97
99
26
56
44
53
89
88
19
26
47
89
41
31
47
12
88
15
20
67
85
20
91
15
88
39
34
82
73
23
14
14
57
17
96
86
57
49
88
68
46
68
22
65
75
67
87
16
91
88
26
57
93
23
18
57
63
51
86
43
57
55
81
47
52
25
49
70
11
48
93
71
89
66
76
57
21
28
39
27
47
89
94
68
47
11
27
83
65
31
70
58
50
76
51
88
60
87
93
49
42
11
48
53
29
64
29
51
89
92
56
75
46
22
26
48
23
94
92
18
96
43
35
27
76
16
40
66
98
74
80
61
32
75
78
25
90
64
82
33
27
38
33
97
21
60
32
23
11
73
64
78
18
58
83
23
19
61
13
87
38
96
19
35
99
84
98
98
46
81
42
80
11
17
93
98
55
90
69
24
62
23
91
68
78
32
75
19
50
31
57
66
51
85
18
82
26
55
40
78
80
25
97
64
50
68
20
72
52
94
48
44
48
87
87
89
35
95
76
63
17
92
25
76
63
64
54
98
75
92
73
54
60
46
30
19
14
32
93
10
54
20
85
82
85
54
77
19
23
84
23
98
97
59
72
15
64
13
26
90
19
19
99
92
37
49
97
73
91
20
74
53
69
92
66
40
34
49
60
11
37
13
57
65
17
55
38
32
45
31
68
26
97
83
79
63
35
68
45
65
27
43
51
93
97
65
96
59
77
89
32
39
27
66
77
70
89
48
45
74
41
80
76
55
37
82
81
16
95
60
34
98
58
90
23
69
15
47
39
23
50
13
49
38
45
56
22
16
39
74
86
11
44
42
54
46
77
70
42
75
25
57
49
77
26
56
49
12
15
42
58
43
15
98
96
47
15
43
48
90
71
65
97
38
71
46
62
25
10
87
99
71
37
77
41
80
43
91
33
32
30
39
77
84
61
58
27
66
61
97
70
88
57
28
39
81
62
