Iteration-1
7 11 15 19 23 
50 58 60 38 29 
604 594 584 574 564 
Iteration-2
5 9 13 17 21 25 29 33 37 41 
28 36 1 30 61 40 76 66 43 22 
49 39 29 19 9 -1 -11 -21 -31 -41 
Iteration-3
0 4 8 12 16 20 24 28 32 36 40 44 48 52 56 
34 29 81 89 75 12 17 59 84 34 50 3 53 94 67 
384 374 364 354 344 334 324 314 304 294 284 274 264 254 244 
Iteration-4
1 5 9 13 17 21 25 29 33 37 41 45 49 53 57 61 65 69 73 77 
70 95 48 35 14 37 97 65 78 69 91 14 20 1 41 95 55 0 17 11 
425 415 405 395 385 375 365 355 345 335 325 315 305 295 285 275 265 255 245 235 
Iteration-5
5 9 13 17 21 25 29 33 37 41 45 49 53 57 61 65 69 73 77 81 85 89 93 97 101 
55 34 25 79 60 38 8 12 87 86 29 60 88 18 40 87 93 50 25 1 34 70 68 96 7 
254 244 234 224 214 204 194 184 174 164 154 144 134 124 114 104 94 84 74 64 54 44 34 24 14 
Iteration-6
8 12 16 20 24 28 32 36 40 44 48 52 56 60 64 68 72 76 80 84 88 92 96 100 104 108 112 116 120 124 
19 59 89 41 59 71 3 1 95 53 56 84 48 27 99 7 88 15 71 13 74 68 79 35 27 17 95 1 55 60 
230 220 210 200 190 180 170 160 150 140 130 120 110 100 90 80 70 60 50 40 30 20 10 0 -10 -20 -30 -40 -50 -60 
Iteration-7
1 5 9 13 17 21 25 29 33 37 41 45 49 53 57 61 65 69 73 77 81 85 89 93 97 101 105 109 113 117 121 125 129 133 137 
51 5 11 21 89 84 17 41 93 24 78 1 59 82 57 44 49 18 95 58 50 59 75 11 83 29 45 80 89 50 93 97 19 70 75 
952 942 932 922 912 902 892 882 872 862 852 842 832 822 812 802 792 782 772 762 752 742 732 722 712 702 692 682 672 662 652 642 632 622 612 
Iteration-8
7 11 15 19 23 27 31 35 39 43 47 51 55 59 63 67 71 75 79 83 87 91 95 99 103 107 111 115 119 123 127 131 135 139 143 147 151 155 159 163 
52 90 62 77 12 13 31 54 10 10 23 54 79 61 22 64 83 43 19 45 62 44 88 74 47 69 29 27 74 22 79 71 17 55 87 68 89 70 4 40 
921 911 901 891 881 871 861 851 841 831 821 811 801 791 781 771 761 751 741 731 721 711 701 691 681 671 661 651 641 631 621 611 601 591 581 571 561 551 541 531 
Iteration-9
6 10 14 18 22 26 30 34 38 42 46 50 54 58 62 66 70 74 78 82 86 90 94 98 102 106 110 114 118 122 126 130 134 138 142 146 150 154 158 162 166 170 174 178 182 
64 95 15 43 46 23 38 11 72 6 69 87 98 79 30 35 99 88 32 60 2 37 69 32 17 93 91 26 69 17 38 84 33 9 11 83 25 63 42 59 89 65 36 72 42 
303 293 283 273 263 253 243 233 223 213 203 193 183 173 163 153 143 133 123 113 103 93 83 73 63 53 43 33 23 13 3 -7 -17 -27 -37 -47 -57 -67 -77 -87 -97 -107 -117 -127 -137 
Iteration-10
7 11 15 19 23 27 31 35 39 43 47 51 55 59 63 67 71 75 79 83 87 91 95 99 103 107 111 115 119 123 127 131 135 139 143 147 151 155 159 163 167 171 175 179 183 187 191 195 199 203 
55 43 60 62 65 44 69 50 61 55 92 21 0 73 45 33 2 32 11 13 26 12 17 90 87 30 70 48 1 7 38 2 45 34 50 11 21 22 79 46 1 50 85 49 11 82 85 94 34 37 
525 515 505 495 485 475 465 455 445 435 425 415 405 395 385 375 365 355 345 335 325 315 305 295 285 275 265 255 245 235 225 215 205 195 185 175 165 155 145 135 125 115 105 95 85 75 65 55 45 35 
