1 5 9 13 17 
67 34 0 69 24 
478 468 458 448 438 
8 12 16 20 24 28 32 36 40 44 
62 64 5 45 81 27 61 91 95 42 
827 817 807 797 787 777 767 757 747 737 
6 10 14 18 22 26 30 34 38 42 46 50 54 58 62 
91 4 2 53 92 82 21 16 18 95 47 26 71 38 69 
912 902 892 882 872 862 852 842 832 822 812 802 792 782 772 
7 11 15 19 23 27 31 35 39 43 47 51 55 59 63 67 71 75 79 83 
99 35 94 3 11 22 33 73 64 41 11 53 68 47 44 62 57 37 59 23 
741 731 721 711 701 691 681 671 661 651 641 631 621 611 601 591 581 571 561 551 
9 13 17 21 25 29 33 37 41 45 49 53 57 61 65 69 73 77 81 85 89 93 97 101 105 
78 16 35 90 42 88 6 40 42 64 48 46 5 90 29 70 50 6 1 93 48 29 23 84 54 
756 746 736 726 716 706 696 686 676 666 656 646 636 626 616 606 596 586 576 566 556 546 536 526 516 
0 4 8 12 16 20 24 28 32 36 40 44 48 52 56 60 64 68 72 76 80 84 88 92 96 100 104 108 112 116 
66 76 31 8 44 39 26 23 37 38 18 82 29 41 33 15 39 58 4 30 77 6 73 86 21 45 24 72 70 29 
777 767 757 747 737 727 717 707 697 687 677 667 657 647 637 627 617 607 597 587 577 567 557 547 537 527 517 507 497 487 
3 7 11 15 19 23 27 31 35 39 43 47 51 55 59 63 67 71 75 79 83 87 91 95 99 103 107 111 115 119 123 127 131 135 139 
97 12 86 90 61 36 55 67 55 74 31 52 50 50 41 24 66 30 7 91 7 37 57 87 53 83 45 9 9 58 21 88 22 46 6 
30 20 10 0 -10 -20 -30 -40 -50 -60 -70 -80 -90 -100 -110 -120 -130 -140 -150 -160 -170 -180 -190 -200 -210 -220 -230 -240 -250 -260 -270 -280 -290 -300 -310 
3 7 11 15 19 23 27 31 35 39 43 47 51 55 59 63 67 71 75 79 83 87 91 95 99 103 107 111 115 119 123 127 131 135 139 143 147 151 155 159 
68 0 91 62 55 10 59 24 37 48 83 95 41 2 50 91 36 74 20 96 21 48 99 68 84 81 34 53 99 18 38 0 88 27 67 28 93 48 83 7 
421 411 401 391 381 371 361 351 341 331 321 311 301 291 281 271 261 251 241 231 221 211 201 191 181 171 161 151 141 131 121 111 101 91 81 71 61 51 41 31 
0 4 8 12 16 20 24 28 32 36 40 44 48 52 56 60 64 68 72 76 80 84 88 92 96 100 104 108 112 116 120 124 128 132 136 140 144 148 152 156 160 164 168 172 176 
17 13 14 9 16 35 51 0 49 19 56 98 3 24 8 44 9 89 2 95 85 93 43 23 87 14 3 48 0 58 18 80 96 98 81 89 98 9 57 72 22 38 92 38 79 
190 180 170 160 150 140 130 120 110 100 90 80 70 60 50 40 30 20 10 0 -10 -20 -30 -40 -50 -60 -70 -80 -90 -100 -110 -120 -130 -140 -150 -160 -170 -180 -190 -200 -210 -220 -230 -240 -250 
7 11 15 19 23 27 31 35 39 43 47 51 55 59 63 67 71 75 79 83 87 91 95 99 103 107 111 115 119 123 127 131 135 139 143 147 151 155 159 163 167 171 175 179 183 187 191 195 199 203 
58 91 15 88 56 11 2 34 72 55 28 46 62 86 75 33 69 42 44 16 81 98 22 51 21 99 57 76 92 89 75 12 0 10 3 69 61 88 1 89 55 23 2 85 82 85 88 26 17 57 
832 822 812 802 792 782 772 762 752 742 732 722 712 702 692 682 672 662 652 642 632 622 612 602 592 582 572 562 552 542 532 522 512 502 492 482 472 462 452 442 432 422 412 402 392 382 372 362 352 342 
