Best case inputs: 10 10 10 10 10 
Sorted array is: 10 10 10 10 10 
Average case inputs: 8 60 15 23 85 
Sorted array is: 8 15 23 60 85 
Worst case inputs: 0 19 81 176 236 
Sorted array is: 0 19 81 176 236 
Best case inputs: 10 10 10 10 10 10 10 10 10 10 
Sorted array is: 10 10 10 10 10 10 10 10 10 10 
Average case inputs: 68 14 73 23 16 42 82 66 43 68 
Sorted array is: 14 16 23 42 43 66 68 68 73 82 
Worst case inputs: 1 86 159 248 333 339 437 487 552 650 
Sorted array is: 1 86 159 248 333 339 437 487 552 650 
Best case inputs: 10 10 10 10 10 10 10 10 10 10 10 10 10 10 10 
Sorted array is: 10 10 10 10 10 10 10 10 10 10 10 10 10 10 10 
Average case inputs: 80 38 53 35 94 81 30 41 75 84 79 39 17 38 44 
Sorted array is: 17 30 35 38 38 39 41 44 53 75 79 80 81 84 94 
Worst case inputs: 1 36 99 102 195 252 275 308 379 389 470 548 609 691 767 
Sorted array is: 1 36 99 102 195 252 275 308 379 389 470 548 609 691 767 
Best case inputs: 10 10 10 10 10 10 10 10 10 10 10 10 10 10 10 10 10 10 10 10 
Sorted array is: 10 10 10 10 10 10 10 10 10 10 10 10 10 10 10 10 10 10 10 10 
Average case inputs: 4 79 81 49 97 15 88 82 27 53 19 51 19 24 22 36 41 87 28 90 
Sorted array is: 4 15 19 19 22 24 27 28 36 41 49 51 53 79 81 82 87 88 90 97 
Worst case inputs: 9 72 165 170 259 326 353 365 393 459 546 572 649 657 686 780 867 882 887 909 
Sorted array is: 9 72 165 170 259 326 353 365 393 459 546 572 649 657 686 780 867 882 887 909 
Best case inputs: 10 10 10 10 10 10 10 10 10 10 10 10 10 10 10 10 10 10 10 10 10 10 10 10 10 
Sorted array is: 10 10 10 10 10 10 10 10 10 10 10 10 10 10 10 10 10 10 10 10 10 10 10 10 10 
Average case inputs: 7 39 75 14 20 63 29 26 96 6 35 90 66 18 60 49 92 52 40 32 58 41 9 6 95 
Sorted array is: 6 6 7 9 14 18 20 26 29 32 35 39 40 41 49 52 58 60 63 66 75 90 92 95 96 
Worst case inputs: 6 44 128 140 203 255 328 419 513 528 536 626 711 728 792 888 925 1006 1095 1146 1220 1287 1311 1405 1408 
Sorted array is: 6 44 128 140 203 255 328 419 513 528 536 626 711 728 792 888 925 1006 1095 1146 1220 1287 1311 1405 1408 
Best case inputs: 10 10 10 10 10 10 10 10 10 10 10 10 10 10 10 10 10 10 10 10 10 10 10 10 10 10 10 10 10 10 
Sorted array is: 10 10 10 10 10 10 10 10 10 10 10 10 10 10 10 10 10 10 10 10 10 10 10 10 10 10 10 10 10 10 
Average case inputs: 49 35 33 19 77 22 59 35 73 53 99 68 71 35 22 42 63 94 48 92 30 12 57 30 4 25 79 57 52 70 
Sorted array is: 4 12 19 22 22 25 30 30 33 35 35 35 42 48 49 52 53 57 57 59 63 68 70 71 73 77 79 92 94 99 
Worst case inputs: 1 56 86 128 153 164 245 296 392 393 476 527 580 656 689 740 745 844 899 947 966 969 1013 1109 1194 1293 1351 1414 1435 1444 
Sorted array is: 1 56 86 128 153 164 245 296 392 393 476 527 580 656 689 740 745 844 899 947 966 969 1013 1109 1194 1293 1351 1414 1435 1444 
Best case inputs: 10 10 10 10 10 10 10 10 10 10 10 10 10 10 10 10 10 10 10 10 10 10 10 10 10 10 10 10 10 10 10 10 10 10 10 
Sorted array is: 10 10 10 10 10 10 10 10 10 10 10 10 10 10 10 10 10 10 10 10 10 10 10 10 10 10 10 10 10 10 10 10 10 10 10 
Average case inputs: 21 95 10 40 83 21 77 73 51 9 87 19 26 51 82 53 11 99 0 14 48 70 2 75 35 18 37 52 45 83 25 82 76 11 12 
Sorted array is: 0 2 9 10 11 11 12 14 18 19 21 21 25 26 35 37 40 45 48 51 51 52 53 70 73 75 76 77 82 82 83 83 87 95 99 
Worst case inputs: 4 21 52 97 167 209 221 229 321 337 414 483 522 597 622 676 734 774 781 819 837 880 956 1024 1079 1166 1187 1232 1302 1393 1395 1412 1494 1520 1570 
Sorted array is: 4 21 52 97 167 209 221 229 321 337 414 483 522 597 622 676 734 774 781 819 837 880 956 1024 1079 1166 1187 1232 1302 1393 1395 1412 1494 1520 1570 
Best case inputs: 10 10 10 10 10 10 10 10 10 10 10 10 10 10 10 10 10 10 10 10 10 10 10 10 10 10 10 10 10 10 10 10 10 10 10 10 10 10 10 10 
Sorted array is: 10 10 10 10 10 10 10 10 10 10 10 10 10 10 10 10 10 10 10 10 10 10 10 10 10 10 10 10 10 10 10 10 10 10 10 10 10 10 10 10 
Average case inputs: 87 81 13 47 54 52 11 40 6 85 26 78 12 35 20 32 39 47 8 79 19 6 50 28 11 83 33 19 93 43 19 40 4 62 86 71 13 27 89 6 
Sorted array is: 4 6 6 6 8 11 11 12 13 13 19 19 19 20 26 27 28 32 33 35 39 40 40 43 47 47 50 52 54 62 71 78 79 81 83 85 86 87 89 93 
Worst case inputs: 6 93 93 107 108 118 171 173 233 323 394 460 553 618 670 720 807 811 812 827 864 877 934 1020 1091 1172 1188 1233 1300 1374 1415 1440 1473 1494 1559 1647 1661 1699 1788 1815 
Sorted array is: 6 93 93 107 108 118 171 173 233 323 394 460 553 618 670 720 807 811 812 827 864 877 934 1020 1091 1172 1188 1233 1300 1374 1415 1440 1473 1494 1559 1647 1661 1699 1788 1815 
Best case inputs: 10 10 10 10 10 10 10 10 10 10 10 10 10 10 10 10 10 10 10 10 10 10 10 10 10 10 10 10 10 10 10 10 10 10 10 10 10 10 10 10 10 10 10 10 10 
Sorted array is: 10 10 10 10 10 10 10 10 10 10 10 10 10 10 10 10 10 10 10 10 10 10 10 10 10 10 10 10 10 10 10 10 10 10 10 10 10 10 10 10 10 10 10 10 10 
Average case inputs: 29 24 34 51 44 14 24 45 54 34 97 50 33 33 42 56 69 51 23 62 81 9 7 34 6 8 54 93 62 75 26 67 16 96 34 80 88 39 82 94 92 44 88 52 52 
Sorted array is: 6 7 8 9 14 16 23 24 24 26 29 33 33 34 34 34 34 39 42 44 44 45 50 51 51 52 52 54 54 56 62 62 67 69 75 80 81 82 88 88 92 93 94 96 97 
Worst case inputs: 2 38 80 169 264 358 383 401 411 485 510 576 651 716 742 756 826 904 980 1074 1080 1156 1194 1293 1340 1362 1459 1551 1641 1711 1795 1826 1842 1916 1999 2092 2174 2189 2226 2286 2305 2389 2463 2472 2474 
Sorted array is: 2 38 80 169 264 358 383 401 411 485 510 576 651 716 742 756 826 904 980 1074 1080 1156 1194 1293 1340 1362 1459 1551 1641 1711 1795 1826 1842 1916 1999 2092 2174 2189 2226 2286 2305 2389 2463 2472 2474 
Best case inputs: 10 10 10 10 10 10 10 10 10 10 10 10 10 10 10 10 10 10 10 10 10 10 10 10 10 10 10 10 10 10 10 10 10 10 10 10 10 10 10 10 10 10 10 10 10 10 10 10 10 10 
Sorted array is: 10 10 10 10 10 10 10 10 10 10 10 10 10 10 10 10 10 10 10 10 10 10 10 10 10 10 10 10 10 10 10 10 10 10 10 10 10 10 10 10 10 10 10 10 10 10 10 10 10 10 
Average case inputs: 28 85 66 62 75 20 18 27 58 13 2 75 92 41 86 5 7 48 21 0 11 80 17 27 70 33 15 35 56 76 34 74 73 6 69 59 96 25 41 46 50 61 19 90 52 68 12 27 63 14 
Sorted array is: 0 2 5 6 7 11 12 13 14 15 17 18 19 20 21 25 27 27 27 28 33 34 35 41 41 46 48 50 52 56 58 59 61 62 63 66 68 69 70 73 74 75 75 76 80 85 86 90 92 96 
Worst case inputs: 9 46 95 141 184 238 247 305 321 412 470 487 536 558 656 751 815 841 910 1007 1105 1196 1211 1221 1315 1367 1413 1481 1564 1646 1676 1731 1819 1894 1937 2019 2103 2134 2179 2203 2254 2295 2306 2405 2444 2470 2564 2659 2709 2730 
Sorted array is: 9 46 95 141 184 238 247 305 321 412 470 487 536 558 656 751 815 841 910 1007 1105 1196 1211 1221 1315 1367 1413 1481 1564 1646 1676 1731 1819 1894 1937 2019 2103 2134 2179 2203 2254 2295 2306 2405 2444 2470 2564 2659 2709 2730 
