Iteration- 1
Best case inputs: 10 10 10 10 10 10 10 10 10 10 
Sorted array is: 10 10 10 10 10 10 10 10 10 10 
Average case inputs: 35 0 18 93 60 41 43 20 13 64 
Sorted array is: 0 13 18 20 35 41 43 60 64 93 
Worst case inputs: 5 67 72 133 213 253 303 361 365 423 
Sorted array is: 5 67 72 133 213 253 303 361 365 423 
Iteration- 2
Best case inputs: 10 10 10 10 10 10 10 10 10 10 10 10 10 10 10 10 10 10 10 10 
Sorted array is: 10 10 10 10 10 10 10 10 10 10 10 10 10 10 10 10 10 10 10 10 
Average case inputs: 90 92 2 33 61 62 56 33 65 6 8 74 22 83 42 68 83 58 41 76 
Sorted array is: 2 6 8 22 33 33 41 42 56 58 61 62 65 68 74 76 83 83 90 92 
Worst case inputs: 5 77 89 182 260 311 373 396 445 533 610 645 681 709 737 816 822 823 898 981 
Sorted array is: 5 77 89 182 260 311 373 396 445 533 610 645 681 709 737 816 822 823 898 981 
Iteration- 3
Best case inputs: 10 10 10 10 10 10 10 10 10 10 10 10 10 10 10 10 10 10 10 10 10 10 10 10 10 10 10 10 10 10 
Sorted array is: 10 10 10 10 10 10 10 10 10 10 10 10 10 10 10 10 10 10 10 10 10 10 10 10 10 10 10 10 10 10 
Average case inputs: 30 8 91 77 64 29 46 72 82 55 72 83 41 20 18 40 18 75 11 55 83 48 49 25 62 15 6 92 76 57 
Sorted array is: 6 8 11 15 18 18 20 25 29 30 40 41 46 48 49 55 55 57 62 64 72 72 75 76 77 82 83 83 91 92 
Worst case inputs: 3 64 150 202 218 301 361 415 456 518 568 611 638 722 769 799 861 896 979 1023 1110 1129 1217 1308 1337 1405 1458 1481 1497 1520 
Sorted array is: 3 64 150 202 218 301 361 415 456 518 568 611 638 722 769 799 861 896 979 1023 1110 1129 1217 1308 1337 1405 1458 1481 1497 1520 
Iteration- 4
Best case inputs: 10 10 10 10 10 10 10 10 10 10 10 10 10 10 10 10 10 10 10 10 10 10 10 10 10 10 10 10 10 10 10 10 10 10 10 10 10 10 10 10 
Sorted array is: 10 10 10 10 10 10 10 10 10 10 10 10 10 10 10 10 10 10 10 10 10 10 10 10 10 10 10 10 10 10 10 10 10 10 10 10 10 10 10 10 
Average case inputs: 43 70 81 98 99 57 44 38 16 73 63 17 65 19 42 3 46 24 68 72 83 92 53 11 64 37 12 93 75 74 47 33 48 80 76 18 87 69 11 57 
Sorted array is: 3 11 11 12 16 17 18 19 24 33 37 38 42 43 44 46 47 48 53 57 57 63 64 65 68 69 70 72 73 74 75 76 80 81 83 87 92 93 98 99 
Worst case inputs: 9 52 93 178 195 262 353 394 420 483 562 635 712 745 827 902 982 1023 1046 1069 1079 1092 1187 1283 1376 1442 1523 1597 1646 1656 1680 1753 1794 1818 1909 1912 1924 1947 2003 2080 
Sorted array is: 9 52 93 178 195 262 353 394 420 483 562 635 712 745 827 902 982 1023 1046 1069 1079 1092 1187 1283 1376 1442 1523 1597 1646 1656 1680 1753 1794 1818 1909 1912 1924 1947 2003 2080 
Iteration- 5
Best case inputs: 10 10 10 10 10 10 10 10 10 10 10 10 10 10 10 10 10 10 10 10 10 10 10 10 10 10 10 10 10 10 10 10 10 10 10 10 10 10 10 10 10 10 10 10 10 10 10 10 10 10 
Sorted array is: 10 10 10 10 10 10 10 10 10 10 10 10 10 10 10 10 10 10 10 10 10 10 10 10 10 10 10 10 10 10 10 10 10 10 10 10 10 10 10 10 10 10 10 10 10 10 10 10 10 10 
Average case inputs: 6 43 0 89 37 72 21 64 34 97 41 14 92 36 27 30 15 42 76 81 65 65 3 93 41 8 88 6 44 11 25 35 8 64 54 33 87 1 23 73 92 35 35 47 67 58 52 99 87 26 
Sorted array is: 0 1 3 6 6 8 8 11 14 15 21 23 25 26 27 30 33 34 35 35 35 36 37 41 41 42 43 44 47 52 54 58 64 64 65 65 67 72 73 76 81 87 87 88 89 92 92 93 97 99 
Worst case inputs: 4 19 86 184 253 258 291 349 446 536 615 653 716 767 850 943 1005 1049 1079 1175 1222 1236 1288 1308 1309 1374 1472 1557 1646 1655 1694 1765 1843 1855 1890 1986 2008 2081 2093 2105 2114 2158 2201 2271 2345 2351 2366 2370 2466 2488 
Sorted array is: 4 19 86 184 253 258 291 349 446 536 615 653 716 767 850 943 1005 1049 1079 1175 1222 1236 1288 1308 1309 1374 1472 1557 1646 1655 1694 1765 1843 1855 1890 1986 2008 2081 2093 2105 2114 2158 2201 2271 2345 2351 2366 2370 2466 2488 
Iteration- 6
Best case inputs: 10 10 10 10 10 10 10 10 10 10 10 10 10 10 10 10 10 10 10 10 10 10 10 10 10 10 10 10 10 10 10 10 10 10 10 10 10 10 10 10 10 10 10 10 10 10 10 10 10 10 10 10 10 10 10 10 10 10 10 10 
Sorted array is: 10 10 10 10 10 10 10 10 10 10 10 10 10 10 10 10 10 10 10 10 10 10 10 10 10 10 10 10 10 10 10 10 10 10 10 10 10 10 10 10 10 10 10 10 10 10 10 10 10 10 10 10 10 10 10 10 10 10 10 10 
Average case inputs: 88 20 98 72 76 19 22 4 96 35 27 82 41 37 1 41 61 69 33 74 75 72 1 55 3 53 1 55 88 7 23 99 96 91 16 82 26 42 7 65 91 21 65 14 23 47 46 25 25 7 47 95 48 11 80 99 79 92 28 39 
Sorted array is: 1 1 1 3 4 7 7 7 11 14 16 19 20 21 22 23 23 25 25 26 27 28 33 35 37 39 41 41 42 46 47 47 48 53 55 55 61 65 65 69 72 72 74 75 76 79 80 82 82 88 88 91 91 92 95 96 96 98 99 99 
Worst case inputs: 3 14 77 109 184 227 311 395 427 455 510 585 643 646 654 733 752 787 799 820 907 930 981 1018 1078 1151 1190 1279 1350 1357 1374 1410 1492 1560 1657 1697 1788 1821 1880 1883 1968 2024 2047 2101 2190 2286 2290 2389 2449 2516 2576 2656 2675 2692 2698 2741 2812 2817 2847 2938 
Sorted array is: 3 14 77 109 184 227 311 395 427 455 510 585 643 646 654 733 752 787 799 820 907 930 981 1018 1078 1151 1190 1279 1350 1357 1374 1410 1492 1560 1657 1697 1788 1821 1880 1883 1968 2024 2047 2101 2190 2286 2290 2389 2449 2516 2576 2656 2675 2692 2698 2741 2812 2817 2847 2938 
Iteration- 7
Best case inputs: 10 10 10 10 10 10 10 10 10 10 10 10 10 10 10 10 10 10 10 10 10 10 10 10 10 10 10 10 10 10 10 10 10 10 10 10 10 10 10 10 10 10 10 10 10 10 10 10 10 10 10 10 10 10 10 10 10 10 10 10 10 10 10 10 10 10 10 10 10 10 
Sorted array is: 10 10 10 10 10 10 10 10 10 10 10 10 10 10 10 10 10 10 10 10 10 10 10 10 10 10 10 10 10 10 10 10 10 10 10 10 10 10 10 10 10 10 10 10 10 10 10 10 10 10 10 10 10 10 10 10 10 10 10 10 10 10 10 10 10 10 10 10 10 10 
Average case inputs: 95 73 66 41 98 93 97 4 25 4 4 2 44 7 58 22 92 70 36 73 6 44 69 78 49 8 12 1 38 57 28 4 51 19 15 23 76 76 54 30 77 86 24 29 35 33 65 88 23 11 32 78 21 74 48 55 82 2 76 11 51 47 2 53 87 94 13 32 62 7 
Sorted array is: 1 2 2 2 4 4 4 4 6 7 7 8 11 11 12 13 15 19 21 22 23 23 24 25 28 29 30 32 32 33 35 36 38 41 44 44 47 48 49 51 51 53 54 55 57 58 62 65 66 69 70 73 73 74 76 76 76 77 78 78 82 86 87 88 92 93 94 95 97 98 
Worst case inputs: 9 69 133 158 256 260 273 326 329 356 446 542 604 605 638 670 763 775 847 904 986 1040 1075 1075 1114 1206 1273 1337 1416 1511 1608 1623 1632 1654 1666 1693 1704 1800 1802 1831 1860 1900 1946 1963 2062 2136 2202 2234 2325 2405 2430 2448 2468 2553 2632 2672 2696 2700 2735 2752 2762 2778 2872 2968 2983 2993 3028 3038 3128 3212 
Sorted array is: 9 69 133 158 256 260 273 326 329 356 446 542 604 605 638 670 763 775 847 904 986 1040 1075 1075 1114 1206 1273 1337 1416 1511 1608 1623 1632 1654 1666 1693 1704 1800 1802 1831 1860 1900 1946 1963 2062 2136 2202 2234 2325 2405 2430 2448 2468 2553 2632 2672 2696 2700 2735 2752 2762 2778 2872 2968 2983 2993 3028 3038 3128 3212 
Iteration- 8
Best case inputs: 10 10 10 10 10 10 10 10 10 10 10 10 10 10 10 10 10 10 10 10 10 10 10 10 10 10 10 10 10 10 10 10 10 10 10 10 10 10 10 10 10 10 10 10 10 10 10 10 10 10 10 10 10 10 10 10 10 10 10 10 10 10 10 10 10 10 10 10 10 10 10 10 10 10 10 10 10 10 10 10 
Sorted array is: 10 10 10 10 10 10 10 10 10 10 10 10 10 10 10 10 10 10 10 10 10 10 10 10 10 10 10 10 10 10 10 10 10 10 10 10 10 10 10 10 10 10 10 10 10 10 10 10 10 10 10 10 10 10 10 10 10 10 10 10 10 10 10 10 10 10 10 10 10 10 10 10 10 10 10 10 10 10 10 10 
Average case inputs: 90 51 83 21 61 90 62 9 12 88 55 79 27 85 51 72 2 63 24 97 87 95 10 48 92 17 63 46 27 82 36 93 98 84 32 96 88 82 37 95 31 53 84 66 48 42 50 28 91 0 4 44 0 25 54 50 98 84 68 46 66 41 89 21 76 96 1 85 95 47 56 67 79 83 75 84 70 93 23 43 
Sorted array is: 0 0 1 2 4 9 10 12 17 21 21 23 24 25 27 27 28 31 32 36 37 41 42 43 44 46 46 47 48 48 50 50 51 51 53 54 55 56 61 62 63 63 66 66 67 68 70 72 75 76 79 79 82 82 83 83 84 84 84 84 85 85 87 88 88 89 90 90 91 92 93 93 95 95 95 96 96 97 98 98 
Worst case inputs: 2 91 142 154 186 272 299 329 415 450 549 601 644 677 709 760 837 892 929 1028 1095 1118 1174 1244 1288 1290 1297 1338 1401 1462 1520 1608 1684 1748 1754 1815 1876 1887 1939 1975 2002 2081 2168 2174 2239 2299 2385 2425 2478 2547 2628 2710 2744 2783 2800 2858 2905 2974 3031 3040 3082 3109 3157 3165 3172 3210 3283 3363 3404 3460 3522 3523 3616 3648 3732 3739 3765 3805 3819 3845 
Sorted array is: 2 91 142 154 186 272 299 329 415 450 549 601 644 677 709 760 837 892 929 1028 1095 1118 1174 1244 1288 1290 1297 1338 1401 1462 1520 1608 1684 1748 1754 1815 1876 1887 1939 1975 2002 2081 2168 2174 2239 2299 2385 2425 2478 2547 2628 2710 2744 2783 2800 2858 2905 2974 3031 3040 3082 3109 3157 3165 3172 3210 3283 3363 3404 3460 3522 3523 3616 3648 3732 3739 3765 3805 3819 3845 
Iteration- 9
Best case inputs: 10 10 10 10 10 10 10 10 10 10 10 10 10 10 10 10 10 10 10 10 10 10 10 10 10 10 10 10 10 10 10 10 10 10 10 10 10 10 10 10 10 10 10 10 10 10 10 10 10 10 10 10 10 10 10 10 10 10 10 10 10 10 10 10 10 10 10 10 10 10 10 10 10 10 10 10 10 10 10 10 10 10 10 10 10 10 10 10 10 10 
Sorted array is: 10 10 10 10 10 10 10 10 10 10 10 10 10 10 10 10 10 10 10 10 10 10 10 10 10 10 10 10 10 10 10 10 10 10 10 10 10 10 10 10 10 10 10 10 10 10 10 10 10 10 10 10 10 10 10 10 10 10 10 10 10 10 10 10 10 10 10 10 10 10 10 10 10 10 10 10 10 10 10 10 10 10 10 10 10 10 10 10 10 10 
Average case inputs: 53 81 28 2 14 75 22 70 42 53 89 85 71 51 92 97 72 51 7 20 14 92 97 64 84 74 0 84 61 82 53 88 91 36 31 59 70 94 0 83 82 86 58 29 30 53 32 90 21 54 25 93 66 13 36 78 4 92 69 60 62 13 14 86 49 50 34 78 81 54 82 23 52 72 77 27 83 68 13 4 1 29 66 8 3 29 99 38 53 44 
Sorted array is: 0 0 1 2 3 4 4 7 8 13 13 13 14 14 14 20 21 22 23 25 27 28 29 29 29 30 31 32 34 36 36 38 42 44 49 50 51 51 52 53 53 53 53 53 54 54 58 59 60 61 62 64 66 66 68 69 70 70 71 72 72 74 75 77 78 78 81 81 82 82 82 83 83 84 84 85 86 86 88 89 90 91 92 92 92 93 94 97 97 99 
Worst case inputs: 7 94 191 238 320 377 382 393 465 480 489 578 655 680 747 834 915 944 1018 1040 1133 1163 1188 1286 1345 1409 1453 1462 1509 1597 1696 1780 1799 1809 1863 1877 1894 1910 1951 2021 2058 2074 2107 2135 2167 2204 2282 2321 2352 2430 2461 2482 2482 2490 2525 2575 2603 2628 2721 2758 2842 2854 2860 2905 2994 3065 3098 3169 3251 3342 3373 3430 3509 3604 3649 3732 3768 3851 3950 3993 4039 4085 4115 4145 4215 4265 4309 4322 4402 4486 
Sorted array is: 7 94 191 238 320 377 382 393 465 480 489 578 655 680 747 834 915 944 1018 1040 1133 1163 1188 1286 1345 1409 1453 1462 1509 1597 1696 1780 1799 1809 1863 1877 1894 1910 1951 2021 2058 2074 2107 2135 2167 2204 2282 2321 2352 2430 2461 2482 2482 2490 2525 2575 2603 2628 2721 2758 2842 2854 2860 2905 2994 3065 3098 3169 3251 3342 3373 3430 3509 3604 3649 3732 3768 3851 3950 3993 4039 4085 4115 4145 4215 4265 4309 4322 4402 4486 
Iteration- 10
Best case inputs: 10 10 10 10 10 10 10 10 10 10 10 10 10 10 10 10 10 10 10 10 10 10 10 10 10 10 10 10 10 10 10 10 10 10 10 10 10 10 10 10 10 10 10 10 10 10 10 10 10 10 10 10 10 10 10 10 10 10 10 10 10 10 10 10 10 10 10 10 10 10 10 10 10 10 10 10 10 10 10 10 10 10 10 10 10 10 10 10 10 10 10 10 10 10 10 10 10 10 10 10 
Sorted array is: 10 10 10 10 10 10 10 10 10 10 10 10 10 10 10 10 10 10 10 10 10 10 10 10 10 10 10 10 10 10 10 10 10 10 10 10 10 10 10 10 10 10 10 10 10 10 10 10 10 10 10 10 10 10 10 10 10 10 10 10 10 10 10 10 10 10 10 10 10 10 10 10 10 10 10 10 10 10 10 10 10 10 10 10 10 10 10 10 10 10 10 10 10 10 10 10 10 10 10 10 
Average case inputs: 98 53 49 43 38 23 20 72 18 22 85 86 21 98 35 23 21 17 53 4 45 80 67 66 63 65 46 21 60 82 51 23 27 81 95 24 27 53 65 13 77 27 75 86 86 90 40 33 17 84 18 12 28 6 25 33 38 62 80 92 60 27 2 29 28 64 9 76 34 41 3 49 59 66 4 51 66 37 12 52 9 86 75 33 59 77 78 4 44 76 97 11 50 46 17 71 1 3 24 97 
Sorted array is: 1 2 3 3 4 4 4 6 9 9 11 12 12 13 17 17 17 18 18 20 21 21 21 22 23 23 23 24 24 25 27 27 27 27 28 28 29 33 33 33 34 35 37 38 38 40 41 43 44 45 46 46 49 49 50 51 51 52 53 53 53 59 59 60 60 62 63 64 65 65 66 66 66 67 71 72 75 75 76 76 77 77 78 80 80 81 82 84 85 86 86 86 86 90 92 95 97 97 98 98 
Worst case inputs: 3 96 131 199 225 259 295 314 383 426 521 561 578 662 671 712 796 813 852 913 932 980 1077 1120 1123 1171 1270 1329 1387 1401 1413 1510 1556 1578 1598 1684 1744 1764 1769 1845 1880 1959 2021 2098 2179 2233 2313 2396 2474 2531 2609 2695 2716 2759 2842 2869 2961 2970 3019 3039 3066 3103 3119 3119 3190 3198 3205 3285 3340 3368 3390 3407 3407 3434 3503 3583 3604 3632 3684 3740 3757 3852 3911 3962 4010 4048 4052 4131 4219 4292 4346 4396 4485 4545 4569 4573 4627 4661 4664 4717 
Sorted array is: 3 96 131 199 225 259 295 314 383 426 521 561 578 662 671 712 796 813 852 913 932 980 1077 1120 1123 1171 1270 1329 1387 1401 1413 1510 1556 1578 1598 1684 1744 1764 1769 1845 1880 1959 2021 2098 2179 2233 2313 2396 2474 2531 2609 2695 2716 2759 2842 2869 2961 2970 3019 3039 3066 3103 3119 3119 3190 3198 3205 3285 3340 3368 3390 3407 3407 3434 3503 3583 3604 3632 3684 3740 3757 3852 3911 3962 4010 4048 4052 4131 4219 4292 4346 4396 4485 4545 4569 4573 4627 4661 4664 4717 
