Iteration - 1
Best case input: 
6 10 17 25 30 38 47 50 50 56 
Average case inputs: 
26 68 92 64 93 90 98 60 45 93 
Worst case inputs: 
5 0 -5 -10 -15 -20 -25 -30 -35 -40 
Iteration - 2
Best case input: 
6 6 11 19 25 34 36 44 46 46 48 54 61 66 71 76 79 85 90 97 
Average case inputs: 
95 89 81 9 9 89 23 87 41 92 78 80 31 25 78 12 27 31 29 76 
Worst case inputs: 
28 23 18 13 8 3 -2 -7 -12 -17 -22 -27 -32 -37 -42 -47 -52 -57 -62 -67 
Iteration - 3
Best case input: 
9 18 24 30 30 39 41 45 52 52 52 53 57 62 64 65 69 71 79 79 86 88 96 103 107 113 120 127 130 139 
Average case inputs: 
28 50 22 23 74 49 31 47 16 22 74 28 66 81 63 28 3 51 89 73 16 7 89 8 1 20 14 57 2 65 
Worst case inputs: 
79 74 69 64 59 54 49 44 39 34 29 24 19 14 9 4 -1 -6 -11 -16 -21 -26 -31 -36 -41 -46 -51 -56 -61 -66 
Iteration - 4
Best case input: 
7 8 12 16 21 24 28 37 37 45 49 58 65 73 77 79 87 92 93 95 98 105 110 116 118 124 127 128 134 143 148 151 157 159 159 163 163 165 174 180 
Average case inputs: 
50 67 86 86 29 38 53 33 17 28 50 29 17 47 25 42 94 9 99 80 42 51 43 8 80 44 9 58 16 2 36 16 69 40 13 39 18 20 10 77 
Worst case inputs: 
10 5 0 -5 -10 -15 -20 -25 -30 -35 -40 -45 -50 -55 -60 -65 -70 -75 -80 -85 -90 -95 -100 -105 -110 -115 -120 -125 -130 -135 -140 -145 -150 -155 -160 -165 -170 -175 -180 -185 
Iteration - 5
Best case input: 
3 10 13 18 21 25 29 37 39 47 50 51 58 67 67 70 74 78 83 84 86 93 99 102 102 104 111 120 129 136 142 142 149 149 150 151 154 161 162 169 178 184 193 194 202 203 207 209 212 215 
Average case inputs: 
29 67 87 49 69 22 50 95 45 59 57 14 28 74 19 80 37 76 68 70 5 65 47 39 88 87 5 21 23 29 17 85 62 85 4 65 31 23 67 99 35 60 91 11 99 66 56 63 54 76 
Worst case inputs: 
5 0 -5 -10 -15 -20 -25 -30 -35 -40 -45 -50 -55 -60 -65 -70 -75 -80 -85 -90 -95 -100 -105 -110 -115 -120 -125 -130 -135 -140 -145 -150 -155 -160 -165 -170 -175 -180 -185 -190 -195 -200 -205 -210 -215 -220 -225 -230 -235 -240 
Iteration - 6
Best case input: 
1 8 14 17 17 20 23 26 27 27 29 32 37 38 41 44 46 51 57 64 71 71 73 81 81 86 87 93 99 99 100 103 109 110 112 114 115 115 116 117 120 122 127 135 139 139 144 145 151 158 161 164 165 173 179 180 187 195 202 204 
Average case inputs: 
86 79 74 47 1 79 19 77 38 49 54 87 7 79 81 7 62 89 38 97 4 89 50 49 3 99 24 85 44 58 16 98 41 23 13 12 19 33 84 52 52 52 78 84 46 58 23 81 23 34 68 72 72 39 46 69 40 65 36 1 
Worst case inputs: 
15 10 5 0 -5 -10 -15 -20 -25 -30 -35 -40 -45 -50 -55 -60 -65 -70 -75 -80 -85 -90 -95 -100 -105 -110 -115 -120 -125 -130 -135 -140 -145 -150 -155 -160 -165 -170 -175 -180 -185 -190 -195 -200 -205 -210 -215 -220 -225 -230 -235 -240 -245 -250 -255 -260 -265 -270 -275 -280 
Iteration - 7
Best case input: 
0 7 16 22 30 30 37 46 53 53 58 60 67 71 72 73 75 76 79 86 87 91 92 97 104 110 112 119 125 130 132 135 141 149 156 160 162 170 172 175 178 182 183 187 188 188 191 192 195 202 210 212 219 219 228 236 243 251 260 269 270 275 282 283 287 290 293 296 298 303 
Average case inputs: 
30 41 91 80 28 86 85 30 72 52 54 25 6 16 2 38 11 55 5 94 10 56 90 73 58 88 38 52 78 63 26 22 98 25 45 24 37 89 81 69 24 1 25 22 14 94 15 79 12 41 48 74 63 98 16 41 52 8 82 62 11 22 19 89 19 60 90 25 73 64 
Worst case inputs: 
4 -1 -6 -11 -16 -21 -26 -31 -36 -41 -46 -51 -56 -61 -66 -71 -76 -81 -86 -91 -96 -101 -106 -111 -116 -121 -126 -131 -136 -141 -146 -151 -156 -161 -166 -171 -176 -181 -186 -191 -196 -201 -206 -211 -216 -221 -226 -231 -236 -241 -246 -251 -256 -261 -266 -271 -276 -281 -286 -291 -296 -301 -306 -311 -316 -321 -326 -331 -336 -341 
Iteration - 8
Best case input: 
1 4 10 18 26 33 34 42 51 56 60 60 61 66 71 75 78 86 95 97 105 108 110 114 122 122 122 122 129 136 136 140 145 150 154 159 160 168 170 170 179 181 188 190 197 203 206 212 212 213 217 221 223 231 234 235 243 249 258 262 262 262 264 265 270 275 283 290 298 304 313 314 319 323 324 333 335 342 348 352 
Average case inputs: 
20 60 88 30 20 35 51 2 5 28 16 23 77 64 72 11 9 45 96 26 66 56 66 61 19 62 34 37 99 47 26 60 91 96 38 27 94 58 74 71 74 12 40 95 70 98 8 74 2 26 71 33 79 47 0 84 68 83 77 34 24 49 25 62 84 56 44 7 19 27 96 30 13 45 47 54 97 58 13 40 
Worst case inputs: 
82 77 72 67 62 57 52 47 42 37 32 27 22 17 12 7 2 -3 -8 -13 -18 -23 -28 -33 -38 -43 -48 -53 -58 -63 -68 -73 -78 -83 -88 -93 -98 -103 -108 -113 -118 -123 -128 -133 -138 -143 -148 -153 -158 -163 -168 -173 -178 -183 -188 -193 -198 -203 -208 -213 -218 -223 -228 -233 -238 -243 -248 -253 -258 -263 -268 -273 -278 -283 -288 -293 -298 -303 -308 -313 
Iteration - 9
Best case input: 
1 6 13 16 16 16 23 27 27 28 33 39 43 50 55 64 65 73 78 86 95 100 108 108 117 117 118 121 126 126 130 137 146 153 153 162 162 169 175 178 184 184 189 191 196 203 209 213 221 229 237 246 247 252 260 260 264 264 269 276 279 281 289 294 295 301 307 312 313 316 324 324 324 327 333 338 341 349 358 360 363 363 371 375 382 382 386 391 400 407 
Average case inputs: 
42 31 79 81 29 51 82 44 39 83 12 82 84 20 16 61 17 37 0 59 71 3 39 28 77 31 53 11 31 71 61 89 89 73 98 99 44 38 33 86 87 55 14 20 64 94 9 96 80 54 3 56 20 34 85 14 42 11 92 21 7 17 58 9 38 53 92 66 9 60 28 93 47 98 88 11 22 11 44 38 77 2 1 86 32 45 30 76 14 88 
Worst case inputs: 
56 51 46 41 36 31 26 21 16 11 6 1 -4 -9 -14 -19 -24 -29 -34 -39 -44 -49 -54 -59 -64 -69 -74 -79 -84 -89 -94 -99 -104 -109 -114 -119 -124 -129 -134 -139 -144 -149 -154 -159 -164 -169 -174 -179 -184 -189 -194 -199 -204 -209 -214 -219 -224 -229 -234 -239 -244 -249 -254 -259 -264 -269 -274 -279 -284 -289 -294 -299 -304 -309 -314 -319 -324 -329 -334 -339 -344 -349 -354 -359 -364 -369 -374 -379 -384 -389 
Iteration - 10
Best case input: 
3 3 6 8 10 11 19 24 28 36 37 39 40 46 51 54 55 57 59 61 63 67 70 71 80 83 91 100 104 113 113 121 124 126 131 133 140 148 150 150 153 154 159 160 168 170 170 174 182 182 184 190 191 200 205 207 216 221 225 227 228 230 230 238 241 243 249 249 254 263 266 271 274 276 281 282 291 291 292 294 300 305 305 312 314 320 324 329 331 340 347 349 353 358 358 362 368 374 378 379 
Average case inputs: 
98 14 22 3 94 86 80 61 26 2 62 11 57 74 59 34 61 21 23 77 87 55 54 67 88 98 3 39 47 55 50 61 50 18 23 49 22 11 52 74 75 26 76 76 60 81 5 8 9 69 99 51 34 6 39 6 25 47 10 30 34 1 14 88 18 15 73 86 26 83 87 30 38 34 95 2 74 53 88 4 47 86 42 60 41 13 42 17 39 88 6 89 52 9 66 68 89 38 38 9 
Worst case inputs: 
47 42 37 32 27 22 17 12 7 2 -3 -8 -13 -18 -23 -28 -33 -38 -43 -48 -53 -58 -63 -68 -73 -78 -83 -88 -93 -98 -103 -108 -113 -118 -123 -128 -133 -138 -143 -148 -153 -158 -163 -168 -173 -178 -183 -188 -193 -198 -203 -208 -213 -218 -223 -228 -233 -238 -243 -248 -253 -258 -263 -268 -273 -278 -283 -288 -293 -298 -303 -308 -313 -318 -323 -328 -333 -338 -343 -348 -353 -358 -363 -368 -373 -378 -383 -388 -393 -398 -403 -408 -413 -418 -423 -428 -433 -438 -443 -448 
